29 0.17648809523809525 0.1996527777777778 0.0625 0.06736111111111111
29 0.19404761904761905 0.17604166666666668 0.04285714285714286 0.04513888888888889
29 0.13452380952380955 0.26458333333333334 0.07023809523809524 0.0638888888888889
29 0.11577380952380953 0.4201388888888889 0.08273809523809525 0.08055555555555556
29 0.08482142857142858 0.6645833333333333 0.07797619047619048 0.07916666666666666
29 0.03630952380952381 0.7815972222222223 0.06785714285714287 0.07708333333333334
29 0.33690476190476193 0.9298611111111111 0.05833333333333334 0.07083333333333333
10 0.399702380952381 0.9319444444444445 0.0625 0.0763888888888889
10 0.15833333333333335 0.7454861111111112 0.07142857142857144 0.11319444444444444
10 0.13541666666666669 0.6086805555555556 0.061309523809523814 0.11319444444444444
10 0.18482142857142858 0.43333333333333335 0.058928571428571434 0.10694444444444445
10 0.1660714285714286 0.28958333333333336 0.053571428571428575 0.09861111111111112
31 0.743452380952381 0.2107638888888889 0.07500000000000001 0.07430555555555556
31 0.8026785714285715 0.19756944444444446 0.08035714285714286 0.06180555555555556
31 0.7985119047619048 0.23229166666666667 0.08392857142857144 0.06597222222222222
31 0.8089285714285716 0.27222222222222225 0.08690476190476192 0.06805555555555556
31 0.7782738095238096 0.3072916666666667 0.08273809523809525 0.07291666666666667
31 0.7770833333333333 0.3767361111111111 0.06011904761904763 0.05625
31 0.8303571428571429 0.4104166666666667 0.09404761904761906 0.08611111111111111
31 0.8297619047619048 0.4607638888888889 0.09523809523809525 0.06736111111111111
31 0.8517857142857144 0.5215277777777778 0.09285714285714286 0.07083333333333333
31 0.8020833333333334 0.6256944444444444 0.1017857142857143 0.08055555555555556
31 0.9002976190476192 0.65625 0.0898809523809524 0.08333333333333334
31 0.8473214285714287 0.8020833333333334 0.10297619047619049 0.08194444444444444
31 0.6601190476190477 0.9302083333333334 0.06785714285714287 0.07708333333333334
47 0.5952380952380953 0.9267361111111111 0.06309523809523811 0.07430555555555556
47 0.8315476190476191 0.7392361111111111 0.09285714285714286 0.09791666666666667
47 0.8761904761904763 0.6923611111111111 0.09047619047619049 0.10694444444444445
47 0.842857142857143 0.5993055555555555 0.05952380952380953 0.11666666666666667
47 0.7610119047619048 0.43194444444444446 0.08035714285714286 0.09444444444444444
47 0.7514880952380953 0.34652777777777777 0.0755952380952381 0.08888888888888889
47 0.8720238095238096 0.578125 0.05714285714285715 0.09236111111111112
