21 0.2717261904761905 0.7704861111111111 0.06607142857142857 0.08819444444444445
21 0.3282738095238096 0.7770833333333333 0.06488095238095239 0.08611111111111111
21 0.3160714285714286 0.22430555555555556 0.05476190476190477 0.06944444444444445
21 0.35327380952380955 0.24375000000000002 0.05178571428571429 0.06944444444444445
21 0.3154761904761905 0.41909722222222223 0.0642857142857143 0.07569444444444445
26 0.7696428571428572 0.5309027777777778 0.05952380952380953 0.06041666666666667
26 0.7752976190476191 0.7913194444444445 0.06607142857142857 0.07013888888888889
26 0.6002976190476191 0.9256944444444445 0.06011904761904763 0.07083333333333333
26 0.7568452380952382 0.6513888888888889 0.0625 0.0638888888888889
26 0.7666666666666667 0.29583333333333334 0.045238095238095244 0.05416666666666667
26 0.7979166666666667 0.4361111111111111 0.056547619047619055 0.058333333333333334
26 0.8113095238095239 0.4826388888888889 0.051190476190476196 0.061111111111111116
26 0.7779761904761906 0.25833333333333336 0.05238095238095239 0.051388888888888894
21 0.31369047619047624 0.5079861111111111 0.05952380952380953 0.06597222222222222
21 0.33392857142857146 0.7003472222222222 0.055952380952380955 0.07708333333333334
21 0.3261904761904762 0.6503472222222223 0.05714285714285715 0.07708333333333334
21 0.31875000000000003 0.5934027777777778 0.06011904761904763 0.06875
21 0.3229166666666667 0.55 0.05178571428571429 0.06944444444444445
21 0.4035714285714286 0.9322916666666667 0.06309523809523811 0.07430555555555556
