26 0.7669642857142858 0.2388888888888889 0.04702380952380953 0.061111111111111116
26 0.8098214285714287 0.2888888888888889 0.042261904761904764 0.059722222222222225
26 0.8318452380952381 0.3260416666666667 0.05535714285714286 0.06736111111111111
26 0.817857142857143 0.36770833333333336 0.05833333333333334 0.06875
26 0.8202380952380953 0.47534722222222225 0.04285714285714286 0.06319444444444444
26 0.7663690476190477 0.4746527777777778 0.07321428571428572 0.07430555555555556
26 0.786607142857143 0.5173611111111112 0.056547619047619055 0.059722222222222225
26 0.7797619047619049 0.6086805555555556 0.0642857142857143 0.08125
26 0.7238095238095239 0.93125 0.07261904761904762 0.08888888888888889
14 0.8630952380952381 0.7260416666666667 0.04285714285714286 0.06597222222222222
14 0.7958333333333334 0.19270833333333334 0.07738095238095238 0.09375
14 0.7809523809523811 0.28055555555555556 0.06785714285714287 0.08194444444444444
14 0.8375 0.4104166666666667 0.08333333333333334 0.09305555555555556
14 0.8687500000000001 0.6725694444444444 0.09821428571428573 0.11736111111111111
14 0.8687500000000001 0.7690972222222222 0.11488095238095239 0.11597222222222223
14 0.662202380952381 0.93125 0.06726190476190477 0.08611111111111111
7 0.9127976190476191 0.6104166666666667 0.10654761904761906 0.13194444444444445
7 0.5973214285714287 0.9288194444444445 0.06488095238095239 0.08125
29 0.1517857142857143 0.19791666666666669 0.05238095238095239 0.0763888888888889
29 0.16845238095238096 0.2111111111111111 0.04047619047619048 0.0625
29 0.13273809523809524 0.31701388888888893 0.06547619047619048 0.07847222222222222
29 0.14047619047619048 0.56875 0.06904761904761905 0.08055555555555556
29 0.07172619047619049 0.6006944444444444 0.06845238095238096 0.08333333333333334
29 0.399702380952381 0.9326388888888889 0.07202380952380953 0.08194444444444444
22 0.19702380952380955 0.2673611111111111 0.07023809523809524 0.09166666666666667
22 0.22410714285714287 0.3090277777777778 0.08035714285714286 0.09166666666666667
22 0.18154761904761907 0.4121527777777778 0.08690476190476192 0.09375
22 0.19136904761904763 0.4708333333333333 0.07678571428571429 0.08194444444444444
22 0.12886904761904763 0.7204861111111112 0.07916666666666668 0.11597222222222223
22 0.2755952380952381 0.9319444444444445 0.05952380952380953 0.075
15 0.1955357142857143 0.49722222222222223 0.06845238095238096 0.11666666666666667
15 0.15029761904761907 0.6486111111111111 0.05535714285714286 0.10833333333333334
15 0.18958333333333335 0.6920138888888889 0.0636904761904762 0.14097222222222222
15 0.3366071428571429 0.9333333333333333 0.06488095238095239 0.08055555555555556
