31 0.7157738095238095 0.30104166666666665 0.07440476190476192 0.052083333333333336
31 0.17648809523809525 0.4534722222222222 0.08035714285714286 0.06944444444444445
31 0.18541666666666667 0.36215277777777777 0.09345238095238097 0.07847222222222222
31 0.18273809523809526 0.19791666666666669 0.08095238095238096 0.08055555555555556
31 0.17500000000000002 0.2607638888888889 0.08333333333333334 0.07430555555555556
31 0.14851190476190476 0.6690972222222222 0.09940476190476191 0.09375
2 0.8860119047619048 0.3559027777777778 0.056547619047619055 0.08958333333333333
2 0.7157738095238095 0.30069444444444443 0.07440476190476192 0.051388888888888894
2 0.9089285714285715 0.6836805555555556 0.0761904761904762 0.06875
2 0.9107142857142858 0.5697916666666667 0.08214285714285716 0.06736111111111111
2 0.6892857142857144 0.4451388888888889 0.07500000000000001 0.05277777777777778
2 0.680952380952381 0.3559027777777778 0.06785714285714287 0.05486111111111111
2 0.5964285714285715 0.9309027777777779 0.05952380952380953 0.06875
2 0.893154761904762 0.3697916666666667 0.07083333333333335 0.06180555555555556
2 0.6678571428571429 0.7690972222222222 0.09404761904761906 0.06736111111111111
2 0.7252976190476191 0.3354166666666667 0.07202380952380953 0.05
2 0.9419642857142858 0.41076388888888893 0.06607142857142857 0.06875
2 0.7318452380952382 0.4618055555555556 0.07202380952380953 0.0625
2 0.7464285714285714 0.6020833333333333 0.08333333333333334 0.06666666666666667
2 0.7375 0.259375 0.07023809523809524 0.05763888888888889
2 0.6830357142857143 0.2673611111111111 0.0636904761904762 0.05416666666666667
2 0.7026785714285715 0.5809027777777778 0.07440476190476192 0.05486111111111111
2 0.6485119047619048 0.30694444444444446 0.058928571428571434 0.05277777777777778
2 0.7211309523809525 0.49756944444444445 0.07916666666666668 0.05625
2 0.7041666666666667 0.5378472222222223 0.07976190476190477 0.052083333333333336
2 0.9321428571428573 0.7621527777777778 0.07380952380952381 0.07152777777777779
2 0.911904761904762 0.453125 0.07500000000000001 0.06319444444444444
2 0.6985119047619048 0.3961805555555556 0.0755952380952381 0.06180555555555556
2 0.8604166666666667 0.5045138888888889 0.06845238095238096 0.06458333333333334
2 0.8636904761904762 0.31875000000000003 0.051190476190476196 0.058333333333333334
2 0.6815476190476191 0.6333333333333333 0.08452380952380953 0.06527777777777778
2 0.6333333333333334 0.4920138888888889 0.07976190476190477 0.06180555555555556
2 0.8303571428571429 0.2677083333333333 0.07023809523809524 0.06041666666666667
2 0.7104166666666667 0.7225694444444445 0.08630952380952382 0.06458333333333334
2 0.7720238095238096 0.434375 0.07380952380952381 0.06458333333333334
31 0.22261904761904763 0.21006944444444445 0.0761904761904762 0.07013888888888889
31 0.22619047619047622 0.38020833333333337 0.08333333333333334 0.07152777777777779
31 0.2267857142857143 0.453125 0.07857142857142858 0.07708333333333334
31 0.4 0.929513888888889 0.06547619047619048 0.08125
