30 0.7598214285714286 0.28194444444444444 0.04107142857142858 0.05555555555555556
30 0.7761904761904762 0.5975694444444445 0.04642857142857143 0.07152777777777779
30 0.7729166666666667 0.37222222222222223 0.04345238095238096 0.08333333333333334
30 0.7625000000000001 0.328125 0.04047619047619048 0.05763888888888889
30 0.7851190476190477 0.6659722222222223 0.045238095238095244 0.08472222222222223
30 0.7547619047619049 0.2503472222222222 0.03928571428571429 0.05625
30 0.8005952380952381 0.7486111111111111 0.04642857142857143 0.09444444444444444
30 0.7976190476190477 0.5486111111111112 0.04166666666666667 0.06527777777777778
30 0.5958333333333334 0.9305555555555556 0.06309523809523811 0.07083333333333333
30 0.7419642857142857 0.2076388888888889 0.03630952380952381 0.05416666666666667
30 0.8252976190476191 0.5152777777777778 0.042261904761904764 0.08472222222222223
30 0.7065476190476191 0.24722222222222223 0.05714285714285715 0.0763888888888889
30 0.7175595238095239 0.4277777777777778 0.0625 0.08333333333333334
10 0.12976190476190477 0.6368055555555556 0.05476190476190477 0.10972222222222222
10 0.17827380952380953 0.37951388888888893 0.04940476190476191 0.07847222222222222
10 0.1863095238095238 0.2916666666666667 0.04761904761904762 0.09583333333333334
10 0.17827380952380953 0.5690972222222223 0.05416666666666667 0.10625
10 0.4035714285714286 0.9302083333333334 0.055952380952380955 0.07569444444444445
