22 0.40029761904761907 0.9291666666666667 0.06011904761904763 0.07361111111111111
22 0.1199404761904762 0.6392361111111111 0.06607142857142857 0.09930555555555556
22 0.20327380952380955 0.36875 0.08154761904761905 0.08888888888888889
22 0.21160714285714288 0.5666666666666667 0.08630952380952382 0.09583333333333334
22 0.23244047619047623 0.21493055555555557 0.07440476190476192 0.08263888888888889
8 0.8261904761904763 0.4885416666666667 0.10833333333333334 0.1076388888888889
8 0.7860119047619049 0.18541666666666667 0.08511904761904762 0.09166666666666667
8 0.6008928571428572 0.9329861111111112 0.0625 0.07291666666666667
22 0.20386904761904764 0.45243055555555556 0.05773809523809524 0.09375
22 0.24196428571428574 0.4510416666666667 0.07678571428571429 0.09375
22 0.1654761904761905 0.709375 0.07857142857142858 0.07847222222222222
22 0.1636904761904762 0.7527777777777778 0.09166666666666667 0.10277777777777779
