24 0.9630952380952382 0.23333333333333334 0.04047619047619048 0.04583333333333334
24 0.4017857142857143 0.9305555555555556 0.055952380952380955 0.07083333333333333
24 0.25892857142857145 0.3548611111111111 0.06666666666666668 0.08611111111111111
24 0.9627976190476192 0.1388888888888889 0.04107142857142858 0.04722222222222222
24 0.24375000000000002 0.3211805555555556 0.06845238095238096 0.07708333333333334
24 0.2479166666666667 0.5010416666666667 0.06845238095238096 0.08541666666666667
24 0.21160714285714288 0.6041666666666667 0.07678571428571429 0.09027777777777778
24 0.20773809523809525 0.7770833333333333 0.08095238095238096 0.09722222222222222
24 0.18482142857142858 0.41284722222222225 0.06845238095238096 0.08263888888888889
24 0.18184523809523812 0.5204861111111111 0.07321428571428572 0.08680555555555555
27 0.7467261904761906 0.27187500000000003 0.05178571428571429 0.08958333333333333
27 0.7916666666666667 0.27187500000000003 0.051190476190476196 0.07152777777777779
27 0.8089285714285716 0.2371527777777778 0.06190476190476191 0.0951388888888889
27 0.8238095238095239 0.37222222222222223 0.06666666666666668 0.09444444444444444
27 0.7863095238095239 0.42291666666666666 0.055952380952380955 0.08888888888888889
27 0.8324404761904762 0.5052083333333334 0.07202380952380953 0.09236111111111112
27 0.8598214285714286 0.6208333333333333 0.061309523809523814 0.09722222222222222
27 0.9330357142857144 0.7159722222222222 0.06488095238095239 0.09305555555555556
27 0.8505952380952382 0.69375 0.0761904761904762 0.1
27 0.8142857142857144 0.7541666666666667 0.06547619047619048 0.11388888888888889
27 0.6642857142857144 0.9256944444444445 0.06547619047619048 0.07361111111111111
24 0.25 0.22465277777777778 0.06666666666666668 0.08541666666666667
20 0.7973214285714286 0.1875 0.06964285714285715 0.08333333333333334
20 0.8017857142857143 0.31909722222222225 0.07261904761904762 0.08125
20 0.8386904761904763 0.58125 0.07738095238095238 0.09583333333333334
20 0.6000000000000001 0.9284722222222223 0.06309523809523811 0.0763888888888889
