27 0.8235119047619048 0.3763888888888889 0.05178571428571429 0.059722222222222225
27 0.7497023809523811 0.23125 0.05297619047619048 0.05
27 0.8086309523809525 0.415625 0.0636904761904762 0.07847222222222222
27 0.7925595238095239 0.2715277777777778 0.04345238095238096 0.0625
27 0.8098214285714287 0.31666666666666665 0.05297619047619048 0.06527777777777778
27 0.7654761904761905 0.3284722222222222 0.05476190476190477 0.0625
27 0.7732142857142857 0.38472222222222224 0.048809523809523817 0.08611111111111111
27 0.7991071428571429 0.5854166666666667 0.061309523809523814 0.08194444444444444
27 0.7455357142857143 0.184375 0.05297619047619048 0.05625
27 0.8514880952380953 0.7680555555555556 0.06607142857142857 0.09305555555555556
27 0.8360119047619048 0.5479166666666667 0.06011904761904763 0.06944444444444445
27 0.8089285714285716 0.49583333333333335 0.05833333333333334 0.08055555555555556
27 0.7732142857142857 0.6527777777777778 0.06071428571428572 0.09444444444444444
27 0.849404761904762 0.4638888888888889 0.06547619047619048 0.09027777777777778
27 0.7410714285714286 0.2795138888888889 0.05833333333333334 0.07847222222222222
27 0.8532738095238096 0.615625 0.07321428571428572 0.08819444444444445
27 0.830654761904762 0.665625 0.07440476190476192 0.10347222222222223
27 0.8732142857142858 0.7118055555555556 0.06904761904761905 0.09722222222222222
27 0.599107142857143 0.9305555555555556 0.06607142857142857 0.08055555555555556
7 0.14672619047619048 0.5708333333333333 0.12202380952380953 0.1388888888888889
7 0.09523809523809525 0.4746527777777778 0.11309523809523811 0.12152777777777778
7 0.4011904761904762 0.9309027777777779 0.06666666666666668 0.07708333333333334
15 0.2172619047619048 0.203125 0.06071428571428572 0.11458333333333334
15 0.24255952380952384 0.25416666666666665 0.07083333333333335 0.10972222222222222
15 0.23750000000000002 0.3298611111111111 0.05952380952380953 0.1
15 0.3398809523809524 0.9347222222222222 0.05952380952380953 0.0763888888888889
