3 0.596628 0.930289 0.062967 0.071032
3 0.756653 0.795799 0.062257 0.051529
3 0.940291 0.646588 0.061616 0.051595
3 0.812250 0.798689 0.054793 0.051137
3 0.785700 0.383987 0.057886 0.043931
3 0.793358 0.426672 0.051272 0.045923
3 0.783204 0.246132 0.049367 0.041022
3 0.824601 0.251070 0.043613 0.041585
3 0.780234 0.499143 0.059229 0.046158
3 0.769252 0.538278 0.061510 0.045374
3 0.749093 0.440719 0.055608 0.046034
3 0.753351 0.618853 0.062110 0.049020
3 0.817873 0.470630 0.058541 0.045246
3 0.868558 0.278257 0.054526 0.042172
3 0.800381 0.735744 0.066762 0.050125
3 0.789595 0.583337 0.062655 0.047691
3 0.745885 0.275300 0.054427 0.041802
3 0.845042 0.359719 0.055809 0.043481
3 0.771318 0.213247 0.051964 0.039633
3 0.754113 0.346502 0.055371 0.043504
3 0.715654 0.213511 0.053106 0.039885
3 0.824580 0.537382 0.055412 0.046247
3 0.840078 0.672861 0.065206 0.049472
26 0.232478 0.308977 0.092156 0.085595
26 0.219058 0.406054 0.095735 0.085595
26 0.268715 0.398747 0.084104 0.083507
26 0.265136 0.481211 0.087683 0.085595
26 0.209216 0.473904 0.070683 0.079332
26 0.169401 0.517223 0.057262 0.082463
26 0.157322 0.577766 0.065315 0.090814
26 0.234715 0.589770 0.091262 0.077244
26 0.225768 0.663361 0.091262 0.080376
26 0.168058 0.677975 0.111840 0.084551
26 0.202505 0.793319 0.119893 0.098121
26 0.404765 0.930353 0.065789 0.079191
26 0.182334 0.260275 0.086675 0.084064
26 0.282062 0.243827 0.087719 0.087719
26 0.226193 0.212760 0.076232 0.074318
26 0.291461 0.203623 0.085631 0.090156
10 0.140563 0.294997 0.053258 0.090156
10 0.220450 0.259666 0.060568 0.073099
10 0.216273 0.532570 0.060568 0.085283
10 0.161970 0.745777 0.066834 0.112086
10 0.337931 0.930353 0.067878 0.074318
4 0.660091 0.929744 0.064745 0.073099