17 0.203833 0.281165 0.068525 0.079946
17 0.167247 0.395664 0.069686 0.089431
17 0.210801 0.531165 0.063879 0.097561
17 0.168990 0.708672 0.084785 0.092141
17 0.164925 0.770325 0.088269 0.101626
17 0.258420 0.346206 0.070848 0.093496
17 0.404181 0.931572 0.065041 0.074526
17 0.240418 0.227642 0.058072 0.075881
30 0.321719 0.277778 0.055749 0.084011
30 0.299071 0.308943 0.047619 0.086721
30 0.253194 0.435637 0.072009 0.093496
30 0.261905 0.626694 0.059233 0.093496
30 0.234611 0.677507 0.069686 0.113821
30 0.340302 0.930894 0.065041 0.075881
4 0.874564 0.338753 0.069686 0.092141
4 0.939024 0.371274 0.073171 0.108401
4 0.875726 0.441734 0.092915 0.108401
4 0.911150 0.788618 0.089431 0.108401
4 0.966318 0.768970 0.067364 0.115176
4 0.600465 0.932249 0.065041 0.073171
14 0.646341 0.232385 0.052265 0.069106
14 0.684669 0.219512 0.054588 0.081301
14 0.657375 0.271003 0.060395 0.070461
14 0.646922 0.322493 0.046458 0.056911
14 0.702091 0.319106 0.056911 0.069106
14 0.707898 0.349593 0.059233 0.073171
14 0.660279 0.384146 0.056911 0.082656
14 0.703252 0.426829 0.066202 0.075881
14 0.699187 0.548103 0.072009 0.082656
14 0.694541 0.612466 0.072009 0.075881
14 0.696283 0.653794 0.082462 0.071816
14 0.689895 0.704607 0.085947 0.097561
14 0.711963 0.747967 0.074332 0.097561
14 0.660859 0.928184 0.065041 0.081301