2 0.844948 0.407859 0.047619 0.100271
2 0.808362 0.277778 0.046458 0.086721
2 0.772358 0.329946 0.039489 0.082656
2 0.862369 0.494580 0.033682 0.075881
2 0.814170 0.223577 0.041812 0.084011
2 0.664925 0.930217 0.061556 0.082656
33 0.795587 0.391599 0.113821 0.102981
33 0.853659 0.573171 0.123113 0.121951
33 0.815331 0.548103 0.099884 0.115176
33 0.816492 0.684959 0.139373 0.123306
33 0.602207 0.931572 0.066202 0.077236
27 0.342625 0.930217 0.062718 0.074526
27 0.191057 0.691734 0.087108 0.117886
27 0.173055 0.361789 0.090592 0.094851
27 0.132985 0.220867 0.084785 0.086721
27 0.247387 0.220867 0.067364 0.084011
27 0.157956 0.306911 0.083624 0.085366
18 0.227642 0.426152 0.058072 0.090786
18 0.187573 0.413957 0.054588 0.085366
18 0.197445 0.310976 0.051103 0.085366
18 0.236353 0.285908 0.052265 0.097561
18 0.202671 0.240515 0.042973 0.069106
18 0.189315 0.216802 0.051103 0.086721
18 0.151568 0.347561 0.038328 0.088076
18 0.104530 0.391599 0.055749 0.089431
18 0.084204 0.510840 0.052265 0.092141
18 0.056330 0.651762 0.059233 0.100271
18 0.130662 0.558943 0.052265 0.085366
18 0.178281 0.558266 0.056911 0.092141
18 0.140534 0.623984 0.058072 0.098916
18 0.094077 0.737805 0.055749 0.090786
18 0.143438 0.735772 0.059233 0.094851
18 0.192799 0.765583 0.058072 0.097561
18 0.403020 0.929539 0.065041 0.073171