8 0.822659 0.197259 0.035834 0.037685
8 0.961145 0.802008 0.048767 0.080607
8 0.858312 0.432339 0.042152 0.041606
8 0.722750 0.932618 0.059861 0.070713
8 0.899456 0.433312 0.050267 0.062280
8 0.867847 0.396946 0.040573 0.049007
8 0.867214 0.318099 0.043266 0.058341
8 0.933676 0.726094 0.045449 0.064174
8 0.920993 0.789869 0.041788 0.069954
8 0.882102 0.288066 0.049689 0.056561
8 0.756251 0.413976 0.039217 0.057500
8 0.779879 0.437867 0.042464 0.052002
8 0.869853 0.476853 0.055539 0.063452
8 0.762679 0.218514 0.042485 0.056650
8 0.730297 0.218320 0.036130 0.054467
8 0.857103 0.343201 0.047411 0.059317
8 0.794812 0.480399 0.052696 0.062646
8 0.760598 0.530116 0.053676 0.063999
8 0.723878 0.255242 0.036663 0.048186
8 0.696143 0.264905 0.037571 0.056703
8 0.724086 0.300577 0.039136 0.056330
8 0.760944 0.296720 0.047597 0.057805
8 0.842264 0.776808 0.059334 0.069853
8 0.726233 0.506460 0.041107 0.062368
8 0.794596 0.770977 0.046500 0.069763
8 0.731087 0.428128 0.044467 0.061324
8 0.744374 0.569317 0.053386 0.064660
8 0.885146 0.699710 0.053711 0.068847
8 0.764016 0.704357 0.057635 0.069111
8 0.807866 0.633990 0.055615 0.067371
31 0.601045 0.930894 0.066202 0.084011
31 0.942509 0.563008 0.103368 0.139566
33 0.662602 0.933604 0.066202 0.078591
33 0.919280 0.628049 0.131243 0.117886
33 0.874564 0.226287 0.111498 0.108401
10 0.339141 0.928862 0.062718 0.079946
10 0.207317 0.428862 0.068525 0.090786
10 0.170732 0.474255 0.060395 0.092141
10 0.165505 0.549458 0.063879 0.079946
10 0.146341 0.702575 0.081301 0.077236
10 0.111498 0.772358 0.065041 0.113821
18 0.280488 0.933604 0.068525 0.086721
18 0.218931 0.489160 0.052265 0.097561
18 0.175377 0.382791 0.048780 0.098916
18 0.154472 0.653117 0.051103 0.084011
18 0.132985 0.519648 0.054588 0.096206
18 0.216028 0.294715 0.046458 0.085366
18 0.241580 0.230352 0.048780 0.081301
18 0.221254 0.198509 0.049942 0.082656
18 0.178281 0.253388 0.042973 0.084011
18 0.172474 0.304878 0.047619 0.086721
18 0.141115 0.250678 0.042973 0.084011
18 0.110918 0.220190 0.047619 0.090786
18 0.147503 0.758808 0.046458 0.100271
25 0.211382 0.586721 0.069686 0.097561
25 0.156214 0.609079 0.075494 0.088076
25 0.072009 0.651762 0.099884 0.097561
25 0.029036 0.818428 0.058072 0.094851
25 0.086527 0.340108 0.073171 0.092141
25 0.099884 0.383469 0.074332 0.067751
25 0.135308 0.389566 0.077816 0.071816
25 0.102787 0.448509 0.091754 0.081301
25 0.224158 0.336043 0.074332 0.092141
25 0.401858 0.928862 0.060395 0.079946