25 0.761039 0.326529 0.083238 0.078244
25 0.822201 0.427731 0.093370 0.082089
25 0.783596 0.551371 0.091417 0.081284
25 0.751281 0.387810 0.078126 0.067932
25 0.753117 0.257226 0.083784 0.075605
13 0.217584 0.424995 0.069847 0.077632
13 0.227310 0.578829 0.072259 0.086449
13 0.401278 0.932249 0.052265 0.059621
13 0.198026 0.326558 0.066202 0.073171
13 0.210221 0.354336 0.062718 0.060976
13 0.225319 0.392276 0.058072 0.060976
25 0.602207 0.932927 0.059233 0.069106
25 0.813008 0.765583 0.095238 0.100271
25 0.873403 0.763550 0.085947 0.098916
25 0.857724 0.705962 0.089431 0.078591
25 0.808362 0.686992 0.088269 0.084011
25 0.842044 0.630081 0.090592 0.084011
25 0.810685 0.493902 0.111498 0.079946