2 0.9014880952380954 0.4378472222222222 0.06607142857142857 0.06736111111111111
2 0.6386904761904763 0.3368055555555556 0.07380952380952381 0.05416666666666667
2 0.9077380952380953 0.6642361111111111 0.07857142857142858 0.06736111111111111
2 0.8583333333333334 0.6059027777777778 0.06666666666666668 0.06041666666666667
2 0.6758928571428572 0.2902777777777778 0.06964285714285715 0.043055555555555555
2 0.8392857142857144 0.453125 0.05 0.05625
2 0.849404761904762 0.4138888888888889 0.04761904761904762 0.061111111111111116
2 0.65 0.378125 0.07500000000000001 0.05763888888888889
2 0.6717261904761905 0.24965277777777778 0.06964285714285715 0.050694444444444445
2 0.6946428571428572 0.3263888888888889 0.07261904761904762 0.059722222222222225
2 0.7764880952380953 0.2888888888888889 0.06726190476190477 0.059722222222222225
2 0.8360119047619048 0.2954861111111111 0.06488095238095239 0.05763888888888889
2 0.5880952380952381 0.30833333333333335 0.07142857142857144 0.05694444444444444
2 0.6360119047619048 0.5774305555555556 0.08154761904761905 0.06875
2 0.6541666666666667 0.42534722222222227 0.07738095238095238 0.05902777777777778
2 0.5988095238095239 0.5284722222222222 0.07857142857142858 0.06666666666666667
2 0.5988095238095239 0.38645833333333335 0.07023809523809524 0.06180555555555556
2 0.6077380952380953 0.27222222222222225 0.07023809523809524 0.058333333333333334
2 0.6883928571428573 0.5277777777777778 0.07916666666666668 0.06805555555555556
2 0.9083333333333334 0.23333333333333334 0.06190476190476191 0.05555555555555556
2 0.6601190476190477 0.9309027777777779 0.055952380952380955 0.06875
28 0.33839285714285716 0.24305555555555555 0.07440476190476192 0.0625
28 0.3610119047619048 0.3434027777777778 0.0755952380952381 0.06458333333333334
28 0.2785714285714286 0.5208333333333334 0.05714285714285715 0.059722222222222225
28 0.30625 0.48333333333333334 0.06964285714285715 0.05694444444444444
28 0.32470238095238096 0.5388888888888889 0.0625 0.05416666666666667
28 0.30327380952380956 0.571875 0.06607142857142857 0.04513888888888889
28 0.2967261904761905 0.6138888888888889 0.06488095238095239 0.058333333333333334
28 0.4023809523809524 0.9288194444444445 0.06071428571428572 0.07569444444444445
12 0.11726190476190478 0.29756944444444444 0.06666666666666668 0.08680555555555555
12 0.10446428571428572 0.3649305555555556 0.061309523809523814 0.07847222222222222
12 0.13125 0.40868055555555555 0.058928571428571434 0.09236111111111112
12 0.10505952380952382 0.4517361111111111 0.06726190476190477 0.08958333333333333
12 0.08601190476190478 0.6097222222222223 0.08511904761904762 0.10972222222222222
12 0.3413690476190476 0.9315972222222223 0.058928571428571434 0.08125
13 0.19702380952380955 0.2777777777777778 0.055952380952380955 0.09305555555555556
13 0.24077380952380956 0.3211805555555556 0.07202380952380953 0.08541666666666667
13 0.2514880952380953 0.2670138888888889 0.07440476190476192 0.07430555555555556
13 0.18005952380952384 0.4479166666666667 0.08273809523809525 0.1
13 0.2794642857142857 0.9274305555555555 0.06011904761904763 0.07569444444444445
14 0.5970238095238096 0.9302083333333334 0.06666666666666668 0.07569444444444445
14 0.8122023809523811 0.6027777777777777 0.07202380952380953 0.10972222222222222
14 0.8687500000000001 0.5111111111111112 0.058928571428571434 0.10972222222222222
14 0.89375 0.4795138888888889 0.05773809523809524 0.09375
14 0.8663690476190476 0.18229166666666669 0.07083333333333335 0.08680555555555555
27 0.7229166666666668 0.9315972222222223 0.05773809523809524 0.07291666666666667
27 0.9550595238095239 0.7666666666666667 0.07202380952380953 0.1125
27 0.8985119047619048 0.7663194444444444 0.06488095238095239 0.10347222222222223
27 0.8520833333333334 0.74375 0.06964285714285715 0.10138888888888889
27 0.8675595238095238 0.6927083333333334 0.0636904761904762 0.08541666666666667
27 0.8205357142857144 0.6638888888888889 0.06964285714285715 0.10138888888888889
27 0.9101190476190477 0.5527777777777778 0.05833333333333334 0.09583333333333334
27 0.9627976190476192 0.6506944444444445 0.07321428571428572 0.1125
27 0.8169642857142858 0.41111111111111115 0.0625 0.10555555555555556
27 0.9041666666666668 0.378125 0.06547619047619048 0.08819444444444445
27 0.9086309523809525 0.321875 0.06726190476190477 0.09236111111111112
27 0.9011904761904763 0.2833333333333333 0.06190476190476191 0.09861111111111112
