15 0.7913690476190477 0.24409722222222224 0.0625 0.11597222222222223
15 0.8279761904761905 0.42465277777777777 0.06190476190476191 0.12430555555555556
15 0.8645833333333334 0.5628472222222223 0.07797619047619048 0.13958333333333334
15 0.8443452380952382 0.7392361111111111 0.08273809523809525 0.15486111111111112
15 0.599404761904762 0.9326388888888889 0.05952380952380953 0.07222222222222223
18 0.19970238095238096 0.6256944444444444 0.07916666666666668 0.10833333333333334
18 0.2404761904761905 0.36458333333333337 0.06666666666666668 0.09166666666666667
18 0.21220238095238098 0.30625 0.0625 0.08611111111111111
18 0.21250000000000002 0.19791666666666669 0.05 0.07916666666666666
18 0.24434523809523812 0.19236111111111112 0.04702380952380953 0.09305555555555556
18 0.4005952380952381 0.9326388888888889 0.05952380952380953 0.07916666666666666
