25 0.21666666666666667 0.40381944444444445 0.05476190476190477 0.08680555555555555
25 0.20089285714285715 0.5211805555555555 0.05178571428571429 0.08819444444444445
25 0.11547619047619048 0.6138888888888889 0.05476190476190477 0.08333333333333334
25 0.16845238095238096 0.7260416666666667 0.05833333333333334 0.10208333333333333
25 0.21279761904761907 0.3125 0.044642857142857144 0.09444444444444444
25 0.1967261904761905 0.2767361111111111 0.05535714285714286 0.08125
25 0.22708333333333336 0.24895833333333334 0.037500000000000006 0.08125
25 0.24077380952380956 0.1954861111111111 0.04940476190476191 0.08402777777777778
25 0.18452380952380953 0.24305555555555555 0.04166666666666667 0.06527777777777778
25 0.33958333333333335 0.93125 0.0636904761904762 0.08194444444444444
5 0.17261904761904764 0.4774305555555556 0.07857142857142858 0.07569444444444445
5 0.16071428571428573 0.5364583333333334 0.07142857142857144 0.07430555555555556
5 0.16785714285714287 0.5819444444444445 0.06666666666666668 0.08750000000000001
5 0.20476190476190478 0.6454861111111111 0.07738095238095238 0.10208333333333333
5 0.11755952380952382 0.7666666666666667 0.0886904761904762 0.10833333333333334
5 0.11517857142857144 0.6743055555555556 0.07797619047619048 0.08888888888888889
5 0.19880952380952382 0.36041666666666666 0.05952380952380953 0.08472222222222223
5 0.2005952380952381 0.1902777777777778 0.05952380952380953 0.07916666666666666
5 0.4029761904761905 0.9336805555555556 0.06666666666666668 0.07708333333333334
28 0.6330357142857144 0.22847222222222224 0.07202380952380953 0.059722222222222225
28 0.6660714285714286 0.3298611111111111 0.05 0.051388888888888894
28 0.6770833333333334 0.38645833333333335 0.07440476190476192 0.06180555555555556
28 0.7083333333333334 0.6118055555555556 0.08452380952380953 0.08194444444444444
28 0.6639880952380953 0.6513888888888889 0.06488095238095239 0.07083333333333333
28 0.7160714285714286 0.7506944444444444 0.09166666666666667 0.0763888888888889
6 0.7485119047619049 0.6815972222222223 0.07916666666666668 0.10625
6 0.7047619047619048 0.3451388888888889 0.06309523809523811 0.08888888888888889
6 0.6773809523809524 0.19895833333333335 0.06071428571428572 0.08680555555555555
6 0.5961309523809525 0.9302083333333334 0.0625 0.07430555555555556
28 0.6607142857142858 0.9274305555555555 0.06666666666666668 0.07152777777777779
