3 0.893154761904762 0.7590277777777779 0.14702380952380953 0.15972222222222224
3 0.5958333333333334 0.9277777777777778 0.07261904761904762 0.08055555555555556
7 0.15089285714285716 0.42673611111111115 0.1255952380952381 0.14097222222222222
7 0.16041666666666668 0.33611111111111114 0.10892857142857144 0.12083333333333333
7 0.4005952380952381 0.9288194444444445 0.06309523809523811 0.07847222222222222
28 0.28571428571428575 0.5506944444444445 0.09404761904761906 0.06666666666666667
28 0.31815476190476194 0.6430555555555556 0.1005952380952381 0.07916666666666666
28 0.2773809523809524 0.3079861111111111 0.07738095238095238 0.07430555555555556
28 0.27261904761904765 0.7996527777777778 0.08452380952380953 0.09930555555555556
28 0.27589285714285716 0.93125 0.061309523809523814 0.08333333333333334
31 0.19494047619047622 0.2833333333333333 0.0755952380952381 0.09722222222222222
31 0.17708333333333334 0.5659722222222222 0.08154761904761905 0.09027777777777778
31 0.1523809523809524 0.6107638888888889 0.08452380952380953 0.0951388888888889
31 0.21071428571428574 0.71875 0.10238095238095239 0.09861111111111112
31 0.3375 0.9277777777777778 0.06547619047619048 0.08055555555555556
