8 0.14196428571428574 0.5791666666666667 0.09821428571428573 0.11527777777777778
8 0.2148809523809524 0.22083333333333335 0.08690476190476192 0.10416666666666667
8 0.3404761904761905 0.9326388888888889 0.05952380952380953 0.0763888888888889
22 0.4023809523809524 0.9281250000000001 0.06309523809523811 0.07569444444444445
22 0.1416666666666667 0.6993055555555556 0.09523809523809525 0.10694444444444445
22 0.15535714285714286 0.7631944444444445 0.09523809523809525 0.10416666666666667
22 0.2029761904761905 0.5909722222222222 0.08333333333333334 0.11944444444444445
22 0.21398809523809526 0.43194444444444446 0.07797619047619048 0.09861111111111112
22 0.19583333333333336 0.23506944444444444 0.06904761904761905 0.08958333333333333
22 0.2223214285714286 0.1920138888888889 0.07202380952380953 0.08402777777777778
14 0.7949404761904763 0.1826388888888889 0.08750000000000001 0.10416666666666667
14 0.8473214285714287 0.30208333333333337 0.07083333333333335 0.10694444444444445
14 0.8681547619047619 0.4725694444444445 0.10654761904761906 0.11458333333333334
14 0.8889880952380953 0.6055555555555556 0.09583333333333334 0.11666666666666667
14 0.9205357142857143 0.7461805555555556 0.0898809523809524 0.12013888888888889
14 0.5955357142857144 0.9298611111111111 0.06488095238095239 0.07916666666666666
13 0.7574404761904763 0.2715277777777778 0.08511904761904762 0.09027777777777778
13 0.7880952380952382 0.3496527777777778 0.10357142857142858 0.0951388888888889
13 0.8017857142857143 0.39583333333333337 0.08928571428571429 0.08750000000000001
13 0.8288690476190477 0.43125 0.09107142857142858 0.08750000000000001
13 0.8547619047619048 0.6829861111111112 0.11071428571428572 0.10347222222222223
13 0.6583333333333334 0.9302083333333334 0.06904761904761905 0.08680555555555555
