56 0.4970238095238096 0.19652777777777777 0.05833333333333334 0.058333333333333334
56 0.5008928571428571 0.2569444444444445 0.06607142857142857 0.06805555555555556
56 0.499702380952381 0.33090277777777777 0.07678571428571429 0.09097222222222223
56 0.49880952380952387 0.6111111111111112 0.0761904761904762 0.09166666666666667
56 0.5008928571428571 0.6961805555555556 0.08035714285714286 0.09375
56 0.5011904761904762 0.7913194444444445 0.08333333333333334 0.11319444444444444
57 0.3508928571428572 0.634375 0.07083333333333335 0.08680555555555555
57 0.6517857142857143 0.6333333333333333 0.07738095238095238 0.08888888888888889
57 0.6339285714285715 0.34618055555555555 0.06071428571428572 0.07569444444444445
57 0.3666666666666667 0.3385416666666667 0.06904761904761905 0.08402777777777778
8 0.1824404761904762 0.4527777777777778 0.11607142857142858 0.11527777777777778
8 0.1598214285714286 0.7104166666666667 0.1255952380952381 0.13194444444444445
8 0.4029761904761905 0.9277777777777778 0.05833333333333334 0.06944444444444445
7 0.8767857142857144 0.5149305555555556 0.13452380952380955 0.13819444444444445
7 0.5979166666666668 0.9329861111111112 0.0636904761904762 0.07430555555555556
