7 0.13630952380952382 0.2607638888888889 0.10476190476190478 0.11597222222222223
7 0.40416666666666673 0.929513888888889 0.06190476190476191 0.07708333333333334
56 0.5011904761904762 0.19618055555555555 0.06190476190476191 0.05763888888888889
56 0.4985119047619048 0.25277777777777777 0.06488095238095239 0.0638888888888889
56 0.5017857142857143 0.33055555555555555 0.06666666666666668 0.1
56 0.4976190476190477 0.6128472222222222 0.08095238095238096 0.08680555555555555
56 0.5011904761904762 0.696875 0.07857142857142858 0.09652777777777778
56 0.4976190476190477 0.790625 0.08333333333333334 0.09930555555555556
57 0.6327380952380953 0.3385416666666667 0.05714285714285715 0.08402777777777778
57 0.6520833333333333 0.6305555555555555 0.07321428571428572 0.09305555555555556
57 0.3627976190476191 0.34305555555555556 0.07321428571428572 0.08055555555555556
57 0.3523809523809524 0.6277777777777778 0.07142857142857144 0.07777777777777778
13 0.799404761904762 0.35347222222222224 0.0880952380952381 0.08888888888888889
13 0.8901785714285715 0.3576388888888889 0.08392857142857144 0.08750000000000001
13 0.8875000000000001 0.2857638888888889 0.08690476190476192 0.08541666666666667
13 0.8229166666666667 0.4829861111111111 0.11607142857142858 0.0951388888888889
13 0.8169642857142858 0.5378472222222223 0.0898809523809524 0.09791666666666667
13 0.5946428571428573 0.9288194444444445 0.06904761904761905 0.07569444444444445
