35 0.649769 0.632008 0.066792 0.076108
35 0.632681 0.339947 0.059483 0.074620
35 0.348990 0.629442 0.066644 0.080925
35 0.366218 0.338159 0.060902 0.077634
30 0.250820 0.372651 0.066209 0.100209
30 0.280346 0.645616 0.051894 0.086639
30 0.300925 0.702505 0.053683 0.089770
30 0.243215 0.700418 0.050999 0.108559
30 0.191321 0.749478 0.058157 0.106472
30 0.399674 0.927928 0.062657 0.074318
36 0.497836 0.333386 0.071011 0.093811
36 0.502014 0.259069 0.066834 0.074318
36 0.499925 0.195107 0.064745 0.065789
36 0.500447 0.606900 0.078321 0.087719
36 0.498359 0.695229 0.084586 0.093811
36 0.497836 0.796349 0.087719 0.115741
10 0.843492 0.360799 0.054302 0.082846
10 0.794933 0.450955 0.059524 0.087719
10 0.858634 0.535019 0.061612 0.092593
10 0.839315 0.564868 0.054302 0.093811
10 0.878998 0.650760 0.062657 0.097466
10 0.601742 0.929756 0.061612 0.068226