16 0.8232142857142858 0.37395833333333334 0.036904761904761905 0.05763888888888889
16 0.8627976190476191 0.3125 0.03869047619047619 0.030555555555555558
16 0.8943452380952381 0.35034722222222225 0.04702380952380953 0.05763888888888889
16 0.8922619047619048 0.30659722222222224 0.04047619047619048 0.04930555555555556
16 0.8238095238095239 0.33993055555555557 0.036904761904761905 0.029861111111111113
16 0.8738095238095239 0.20694444444444446 0.03571428571428572 0.030555555555555558
16 0.6648809523809525 0.9309027777777779 0.04761904761904762 0.06597222222222222
16 0.8586309523809524 0.3649305555555556 0.037500000000000006 0.05486111111111111
16 0.8821428571428572 0.24375000000000002 0.03571428571428572 0.04861111111111111
16 0.7815476190476192 0.5072916666666667 0.04285714285714286 0.03819444444444445
16 0.9339285714285716 0.7024305555555556 0.04761904761904762 0.06597222222222222
16 0.7526785714285715 0.43854166666666666 0.04107142857142858 0.052083333333333336
16 0.8467261904761906 0.4413194444444445 0.039880952380952385 0.06041666666666667
16 0.8455357142857144 0.39583333333333337 0.04940476190476191 0.05555555555555556
16 0.7413690476190476 0.4059027777777778 0.04107142857142858 0.05486111111111111
16 0.793154761904762 0.5437500000000001 0.04583333333333334 0.0625
16 0.749107142857143 0.4954861111111111 0.04107142857142858 0.06180555555555556
16 0.7758928571428572 0.46493055555555557 0.05416666666666667 0.05625
16 0.8270833333333334 0.5871527777777777 0.056547619047619055 0.06458333333333334
16 0.887202380952381 0.45034722222222223 0.05178571428571429 0.06180555555555556
16 0.9086309523809525 0.41770833333333335 0.05178571428571429 0.05763888888888889
16 0.7651785714285715 0.5663194444444445 0.04583333333333334 0.06319444444444444
16 0.8089285714285716 0.6135416666666667 0.05476190476190477 0.06597222222222222
16 0.7794642857142858 0.38125000000000003 0.0505952380952381 0.059722222222222225
16 0.8258928571428572 0.670138888888889 0.05773809523809524 0.06666666666666667
57 0.6491071428571429 0.6302083333333334 0.06726190476190477 0.07847222222222222
57 0.6321428571428572 0.3402777777777778 0.05952380952380953 0.07361111111111111
57 0.3479166666666667 0.6305555555555555 0.06726190476190477 0.07777777777777778
57 0.3648809523809524 0.33645833333333336 0.06071428571428572 0.08125
16 0.8625 0.2711805555555556 0.04166666666666667 0.04930555555555556
16 0.862202380952381 0.33819444444444446 0.037500000000000006 0.043055555555555555
16 0.9520833333333334 0.2701388888888889 0.09464285714285715 0.3791666666666667
16 0.9398809523809525 0.6638888888888889 0.05238095238095239 0.061111111111111116
16 0.9755952380952382 0.7357638888888889 0.04761904761904762 0.06458333333333334
16 0.8095238095238096 0.6114583333333333 0.3797619047619048 0.0020833333333333333
1 0.2217261904761905 0.24756944444444445 0.06845238095238096 0.11458333333333334
1 0.12410714285714287 0.6753472222222222 0.08035714285714286 0.12430555555555556
1 0.4023809523809524 0.9309027777777779 0.06071428571428572 0.07847222222222222
13 0.23244047619047623 0.3513888888888889 0.08154761904761905 0.07916666666666666
13 0.22321428571428573 0.39340277777777777 0.08214285714285716 0.08541666666666667
13 0.19404761904761905 0.43506944444444445 0.08690476190476192 0.08819444444444445
13 0.1717261904761905 0.7298611111111112 0.10416666666666667 0.10416666666666667
56 0.5017857142857143 0.19652777777777777 0.07142857142857144 0.06666666666666667
56 0.5 0.25381944444444443 0.06785714285714287 0.06458333333333334
56 0.5029761904761906 0.3315972222222222 0.0761904761904762 0.09930555555555556
56 0.49940476190476196 0.6104166666666667 0.08333333333333334 0.08194444444444444
56 0.49880952380952387 0.6923611111111111 0.07857142857142858 0.09027777777777778
56 0.5026785714285714 0.7864583333333334 0.08035714285714286 0.10208333333333333
13 0.3392857142857143 0.9277777777777778 0.06547619047619048 0.07083333333333333
25 0.5988095238095239 0.9315972222222223 0.06666666666666668 0.07291666666666667
25 0.8901785714285715 0.5166666666666667 0.05178571428571429 0.08194444444444444
25 0.9395833333333334 0.49722222222222223 0.0636904761904762 0.08888888888888889
25 0.9538690476190477 0.5743055555555556 0.05416666666666667 0.09027777777777778
25 0.9032738095238096 0.6135416666666667 0.06964285714285715 0.08263888888888889
25 0.9086309523809525 0.6767361111111111 0.05535714285714286 0.08541666666666667
25 0.9630952380952382 0.7677083333333333 0.05952380952380953 0.10069444444444445
25 0.9273809523809524 0.23645833333333335 0.051190476190476196 0.07430555555555556
25 0.8630952380952381 0.28229166666666666 0.055952380952380955 0.06319444444444444
