12 0.11726190476190478 0.6944444444444444 0.11547619047619048 0.1
12 0.14761904761904762 0.5006944444444444 0.09642857142857143 0.09861111111111112
12 0.20029761904761906 0.23680555555555557 0.09107142857142858 0.08750000000000001
12 0.18333333333333335 0.37118055555555557 0.1011904761904762 0.09097222222222223
8 0.8113095238095239 0.4326388888888889 0.10595238095238096 0.10416666666666667
8 0.7770833333333333 0.340625 0.1017857142857143 0.09930555555555556
8 0.7913690476190477 0.5736111111111112 0.11130952380952382 0.10972222222222222
8 0.6011904761904763 0.929513888888889 0.05833333333333334 0.06875
12 0.4011904761904762 0.929513888888889 0.06547619047619048 0.07430555555555556
12 0.12946428571428573 0.6409722222222223 0.09702380952380953 0.09583333333333334
12 0.13154761904761905 0.596875 0.09523809523809525 0.09791666666666667
12 0.2029761904761905 0.3368055555555556 0.09404761904761906 0.1
