23 0.830152 0.413361 0.135103 0.131524
23 0.602958 0.929317 0.068922 0.071881
35 0.367995 0.342085 0.068922 0.079191
35 0.347110 0.634483 0.079365 0.084064
35 0.655694 0.634483 0.086675 0.093811
35 0.638985 0.343304 0.069967 0.079191
36 0.501140 0.195887 0.076232 0.064571
36 0.498530 0.251929 0.075188 0.064571
36 0.505318 0.328684 0.074144 0.093811
36 0.501663 0.608898 0.077277 0.081628
36 0.502185 0.695399 0.088764 0.093811
36 0.502185 0.797738 0.088764 0.127924
31 0.170295 0.426931 0.110945 0.129436
31 0.081271 0.707724 0.101103 0.139875
31 0.341253 0.931069 0.061612 0.076754
15 0.212807 0.272565 0.067878 0.087719
15 0.183567 0.202512 0.069967 0.091374
15 0.216461 0.198857 0.052214 0.093811
15 0.196620 0.377950 0.089808 0.091374
15 0.144928 0.513793 0.065789 0.070663
15 0.140751 0.560699 0.059524 0.096248
15 0.194532 0.565572 0.081454 0.108431
15 0.403387 0.934724 0.066834 0.076754
15 0.137096 0.666693 0.085631 0.084064
15 0.153805 0.745884 0.089808 0.115741