36 0.499707 0.253211 0.061356 0.058642
36 0.499673 0.196111 0.060350 0.053563
35 0.649960 0.632237 0.066889 0.075261
35 0.365720 0.339329 0.061392 0.075989
35 0.632739 0.341951 0.059894 0.070555
35 0.348966 0.632129 0.067478 0.076052
36 0.500000 0.329854 0.068894 0.087683
36 0.499553 0.613257 0.075157 0.084551
36 0.500895 0.695720 0.074262 0.090814
36 0.499105 0.793841 0.084999 0.113779
9 0.841260 0.694355 0.068681 0.052232
9 0.888065 0.706226 0.072751 0.055793
9 0.850926 0.632330 0.079874 0.048077
9 0.862627 0.594936 0.057489 0.042142
9 0.815313 0.610962 0.080891 0.049264
9 0.806156 0.581582 0.059524 0.037987
9 0.835918 0.558434 0.059015 0.040361
9 0.793437 0.556950 0.064611 0.046890
9 0.814296 0.494925 0.071734 0.052232
9 0.792165 0.469996 0.066138 0.054606
9 0.834646 0.449222 0.071734 0.052232
9 0.826506 0.405893 0.062576 0.047483
9 0.873311 0.399364 0.049349 0.040361
9 0.911467 0.387197 0.063594 0.049264
9 0.888065 0.369984 0.056471 0.040954
9 0.844821 0.375623 0.059524 0.035613
9 0.861610 0.307662 0.054436 0.039767
9 0.895187 0.299352 0.051384 0.033832
9 0.912739 0.324281 0.056980 0.038580
9 0.596052 0.930226 0.063389 0.075758
1 0.931163 0.557752 0.078077 0.128066
1 0.660987 0.929775 0.063389 0.078463
9 0.952035 0.558653 0.050247 0.045094
33 0.403282 0.930010 0.065789 0.068226
33 0.185550 0.468265 0.104428 0.109649
33 0.163621 0.351306 0.108605 0.104776
33 0.212180 0.182568 0.105472 0.101121
29 0.160488 0.207544 0.060568 0.063353
29 0.187117 0.258104 0.057435 0.069444
29 0.223667 0.273333 0.067878 0.073099
29 0.118717 0.398821 0.068922 0.077973
29 0.141169 0.479230 0.078321 0.073099
29 0.128115 0.520044 0.073099 0.067008
29 0.193905 0.543801 0.081454 0.087719
29 0.143779 0.560249 0.071011 0.064571
29 0.134903 0.609591 0.080409 0.097466
29 0.177718 0.705229 0.080409 0.096248
29 0.130726 0.758226 0.082498 0.107212
29 0.339581 0.928791 0.065789 0.077973