35 0.632795 0.337090 0.059583 0.080160
35 0.649876 0.630104 0.066731 0.079539
35 0.348801 0.629255 0.067240 0.081651
35 0.366024 0.338162 0.060442 0.077737
36 0.502237 0.334029 0.071578 0.100209
36 0.501789 0.256263 0.070683 0.072025
36 0.501789 0.194676 0.070683 0.063674
36 0.500447 0.610125 0.075157 0.082463
36 0.502237 0.693111 0.076946 0.091858
36 0.500000 0.793841 0.079630 0.107516
20 0.149717 0.267745 0.057262 0.080376
20 0.201610 0.330898 0.062630 0.079332
20 0.193558 0.371086 0.055473 0.082463
20 0.141217 0.343424 0.054578 0.075157
20 0.155085 0.406576 0.046525 0.078288
20 0.077692 0.461900 0.042052 0.067850
20 0.121533 0.487474 0.061736 0.093946
20 0.082165 0.530271 0.061736 0.096033
20 0.139875 0.577244 0.060841 0.093946
20 0.118401 0.756263 0.080525 0.099165
20 0.199374 0.768267 0.104682 0.106472
20 0.093797 0.622129 0.072472 0.098121
20 0.161348 0.669102 0.073367 0.106472
20 0.169401 0.520877 0.051894 0.079332
20 0.405796 0.929076 0.069967 0.074318
13 0.661644 0.927249 0.063701 0.077973
13 0.834472 0.601347 0.071011 0.096248
13 0.879376 0.679320 0.071011 0.101121
13 0.810976 0.358901 0.069967 0.088938
13 0.844392 0.279710 0.067878 0.084064
13 0.895040 0.343062 0.068922 0.074318
2 0.819852 0.450275 0.054302 0.096248
2 0.872588 0.559924 0.051170 0.096248
2 0.820374 0.393014 0.051170 0.079191
2 0.600032 0.930904 0.065789 0.073099
2 0.893473 0.248033 0.046992 0.074318
26 0.225136 0.570280 0.095029 0.090156
26 0.230879 0.513019 0.091896 0.063353
26 0.206339 0.433218 0.097118 0.071881
26 0.252809 0.415553 0.100251 0.090156
26 0.175533 0.479515 0.077277 0.076754
26 0.271606 0.268135 0.085631 0.082846
26 0.255420 0.217575 0.084586 0.067008
26 0.196940 0.217575 0.080409 0.059698
26 0.209994 0.255952 0.083542 0.080409
26 0.055963 0.677492 0.092941 0.092593
26 0.114443 0.309558 0.092941 0.073099
26 0.341051 0.930294 0.063701 0.081628