17 0.21309523809523812 0.2604166666666667 0.055952380952380955 0.0375
17 0.015773809523809527 0.7548611111111111 0.03273809523809524 0.05
17 0.09166666666666667 0.34479166666666666 0.06071428571428572 0.04236111111111111
17 0.17440476190476192 0.7760416666666667 0.07380952380952381 0.05347222222222223
17 0.04166666666666667 0.6979166666666667 0.07023809523809524 0.051388888888888894
17 0.2723214285714286 0.29965277777777777 0.0636904761904762 0.04236111111111111
17 0.22470238095238096 0.40729166666666666 0.061309523809523814 0.04236111111111111
17 0.19702380952380955 0.4774305555555556 0.05833333333333334 0.04652777777777778
17 0.2455357142857143 0.7118055555555556 0.07916666666666668 0.051388888888888894
17 0.2702380952380953 0.23993055555555556 0.0642857142857143 0.04236111111111111
17 0.18839285714285717 0.35347222222222224 0.061309523809523814 0.044444444444444446
57 0.36636904761904765 0.3440972222222222 0.0636904761904762 0.08125
57 0.3523809523809524 0.6309027777777778 0.07738095238095238 0.08819444444444445
57 0.6559523809523811 0.6322916666666667 0.07738095238095238 0.08819444444444445
57 0.6348214285714286 0.3388888888888889 0.07440476190476192 0.07916666666666666
56 0.5014880952380952 0.6083333333333334 0.07916666666666668 0.09166666666666667
56 0.5005952380952381 0.6923611111111111 0.07500000000000001 0.09861111111111112
56 0.5023809523809524 0.790625 0.08571428571428572 0.1076388888888889
56 0.49940476190476196 0.3302083333333333 0.07142857142857144 0.0951388888888889
56 0.500297619047619 0.2569444444444445 0.07083333333333335 0.0638888888888889
56 0.5011904761904762 0.19409722222222223 0.0761904761904762 0.06736111111111111
17 0.2791666666666667 0.9319444444444445 0.06666666666666668 0.07361111111111111
17 0.19136904761904763 0.5871527777777777 0.0505952380952381 0.05625
17 0.23303571428571432 0.5774305555555556 0.0625 0.050694444444444445
17 0.22559523809523813 0.5489583333333333 0.06785714285714287 0.04236111111111111
17 0.18154761904761907 0.5479166666666667 0.053571428571428575 0.03888888888888889
17 0.061309523809523814 0.4947916666666667 0.06785714285714287 0.043750000000000004
17 0.08125 0.38298611111111114 0.06964285714285715 0.04791666666666667
19 0.13601190476190478 0.3572916666666667 0.0625 0.09375
19 0.13690476190476192 0.24548611111111113 0.05 0.08125
19 0.1205357142857143 0.19062500000000002 0.04583333333333334 0.07152777777777779
19 0.09583333333333334 0.5482638888888889 0.05714285714285715 0.09236111111111112
19 0.0505952380952381 0.5479166666666667 0.05 0.08750000000000001
19 0.04315476190476191 0.6190972222222223 0.056547619047619055 0.0951388888888889
19 0.05416666666666667 0.796875 0.06547619047619048 0.10208333333333333
19 0.4017857142857143 0.9322916666666667 0.06785714285714287 0.07430555555555556
11 0.22648809523809527 0.28402777777777777 0.05535714285714286 0.03888888888888889
11 0.13333333333333336 0.309375 0.048809523809523817 0.043750000000000004
11 0.09732142857142859 0.2795138888888889 0.05416666666666667 0.035416666666666666
11 0.08392857142857144 0.23229166666666667 0.05238095238095239 0.04513888888888889
11 0.059821428571428574 0.4201388888888889 0.056547619047619055 0.03888888888888889
11 0.09732142857142859 0.4510416666666667 0.056547619047619055 0.04513888888888889
11 0.24523809523809526 0.4934027777777778 0.05952380952380953 0.050694444444444445
11 0.2541666666666667 0.43472222222222223 0.05238095238095239 0.04861111111111111
11 0.18779761904761907 0.6868055555555556 0.0636904761904762 0.04861111111111111
11 0.17946428571428574 0.8149305555555556 0.06964285714285715 0.050694444444444445
11 0.06845238095238096 0.7354166666666667 0.05952380952380953 0.05
11 0.34077380952380953 0.9315972222222223 0.06011904761904763 0.07430555555555556
11 0.13005952380952382 0.3024305555555556 0.05535714285714286 0.035416666666666666
1 0.7223214285714287 0.9336805555555556 0.0636904761904762 0.07708333333333334
1 0.9258928571428572 0.7454861111111112 0.08035714285714286 0.12708333333333333
1 0.8711309523809525 0.3791666666666667 0.0755952380952381 0.09861111111111112
22 0.8520833333333334 0.5090277777777777 0.0886904761904762 0.10694444444444445
22 0.9160714285714286 0.36006944444444444 0.06666666666666668 0.08680555555555555
22 0.924404761904762 0.32430555555555557 0.06071428571428572 0.059722222222222225
22 0.6592261904761906 0.9288194444444445 0.0625 0.07152777777777779
22 0.8520833333333334 0.34756944444444443 0.0636904761904762 0.07430555555555556
5 0.6011904761904763 0.9319444444444445 0.06547619047619048 0.075
5 0.849702380952381 0.6375000000000001 0.0636904761904762 0.07916666666666666
5 0.9026785714285716 0.6687500000000001 0.07321428571428572 0.09027777777777778
5 0.9630952380952382 0.7243055555555555 0.06666666666666668 0.09166666666666667
5 0.899404761904762 0.5871527777777777 0.06309523809523811 0.08541666666666667
5 0.8958333333333334 0.5388888888888889 0.06785714285714287 0.06944444444444445
5 0.8434523809523811 0.584375 0.07023809523809524 0.07430555555555556
5 0.8553571428571429 0.4361111111111111 0.06071428571428572 0.09027777777777778
5 0.7919642857142858 0.42812500000000003 0.0625 0.08680555555555555
5 0.80625 0.38993055555555556 0.07321428571428572 0.08541666666666667
5 0.8770833333333334 0.3125 0.0636904761904762 0.07916666666666666
5 0.9062500000000001 0.26006944444444446 0.0636904761904762 0.07708333333333334
5 0.8642857142857143 0.25243055555555555 0.06547619047619048 0.07430555555555556
