9 0.222329 0.717821 0.078367 0.052025
9 0.235475 0.625989 0.067130 0.055388
9 0.096362 0.590261 0.074105 0.049320
9 0.142431 0.811671 0.073561 0.059852
9 0.221836 0.537473 0.069680 0.047401
9 0.196084 0.574272 0.073614 0.048911
9 0.176453 0.683532 0.069953 0.050568
9 0.211121 0.494171 0.069582 0.047438
9 0.231943 0.807262 0.073819 0.055563
12 0.871953 0.373079 0.056041 0.060458
12 0.856393 0.336420 0.064291 0.057554
12 0.905820 0.761121 0.057407 0.068560
12 0.932346 0.494095 0.069971 0.064366
12 0.670961 0.222336 0.068430 0.050314
12 0.686249 0.384766 0.076862 0.060654
12 0.697985 0.433134 0.082340 0.059138
12 0.935246 0.376195 0.070185 0.051153
12 0.669465 0.259016 0.063513 0.052093
12 0.876201 0.276294 0.071393 0.055264
12 0.934727 0.693011 0.059029 0.068358
12 0.680170 0.784612 0.087838 0.072678
12 0.691159 0.702909 0.082137 0.068724
12 0.927648 0.555936 0.070006 0.056361
12 0.772718 0.716053 0.085634 0.073128
12 0.788294 0.192576 0.056176 0.053992
12 0.936896 0.620218 0.079056 0.056813
12 0.846219 0.190610 0.071940 0.053768
12 0.716524 0.280029 0.069524 0.058954
12 0.758868 0.811882 0.089130 0.069207
12 0.648061 0.348226 0.073439 0.059349
12 0.664408 0.304502 0.064733 0.055275
12 0.894415 0.446301 0.077831 0.062478
12 0.732696 0.756896 0.086296 0.069732
12 0.673315 0.471779 0.078474 0.062833
12 0.635891 0.421178 0.060154 0.062912
12 0.693011 0.610526 0.084565 0.065109
12 0.724989 0.559300 0.082012 0.062721
12 0.636794 0.567348 0.086743 0.061940
12 0.620340 0.318894 0.078735 0.063674
12 0.840889 0.239562 0.074262 0.063674
12 0.848941 0.305846 0.081420 0.045929
12 0.886967 0.516701 0.082314 0.066806
12 0.886072 0.643006 0.094840 0.085595
12 0.949597 0.817850 0.082314 0.078288
12 0.961229 0.740605 0.073367 0.072025
12 0.601346 0.932403 0.074144 0.082846
9 0.248903 0.243441 0.064745 0.045078
9 0.220707 0.263543 0.064745 0.041423
9 0.222796 0.295220 0.066834 0.038986
9 0.232194 0.321414 0.062657 0.042641
9 0.257779 0.337861 0.063701 0.038986
9 0.266656 0.366492 0.071011 0.052388
9 0.237416 0.379893 0.066834 0.047515
9 0.250469 0.409133 0.065789 0.045078
9 0.238982 0.442028 0.061612 0.045078
9 0.091739 0.440200 0.078321 0.053606
9 0.069809 0.526092 0.072055 0.054825
9 0.206610 0.619903 0.057435 0.040205
9 0.104270 0.261107 0.065789 0.038986
9 0.110014 0.215420 0.062657 0.049951
9 0.403978 0.926921 0.065789 0.079191