3 0.599107142857143 0.9291666666666667 0.06726190476190477 0.06944444444444445
3 0.9092261904761906 0.5930555555555556 0.1255952380952381 0.13055555555555556
10 0.40208333333333335 0.93125 0.06607142857142857 0.07083333333333333
10 0.15476190476190477 0.6472222222222223 0.06190476190476191 0.09305555555555556
10 0.11398809523809525 0.7708333333333334 0.0636904761904762 0.08888888888888889
10 0.2136904761904762 0.41145833333333337 0.05 0.09652777777777778
10 0.1556547619047619 0.29131944444444446 0.04702380952380953 0.08819444444444445
10 0.14375000000000002 0.44375000000000003 0.04583333333333334 0.09027777777777778
25 0.1660714285714286 0.2152777777777778 0.053571428571428575 0.0763888888888889
25 0.20505952380952383 0.25381944444444443 0.04702380952380953 0.06597222222222222
25 0.20327380952380955 0.28506944444444443 0.048214285714285716 0.05347222222222223
25 0.20029761904761906 0.3340277777777778 0.04583333333333334 0.075
25 0.1529761904761905 0.3541666666666667 0.06071428571428572 0.08194444444444444
25 0.16101190476190477 0.41423611111111114 0.05773809523809524 0.08541666666666667
25 0.09255952380952381 0.4357638888888889 0.0625 0.08958333333333333
25 0.14285714285714288 0.47395833333333337 0.05 0.05625
25 0.18511904761904763 0.5114583333333333 0.051190476190476196 0.09375
25 0.13095238095238096 0.5350694444444445 0.04166666666666667 0.07986111111111112
25 0.15684523809523812 0.5760416666666667 0.061309523809523814 0.08402777777777778
25 0.10892857142857144 0.6111111111111112 0.05952380952380953 0.08888888888888889
25 0.09761904761904763 0.670138888888889 0.05 0.09027777777777778
25 0.12976190476190477 0.7256944444444444 0.053571428571428575 0.10138888888888889
25 0.33779761904761907 0.9302083333333334 0.0625 0.07430555555555556
