11 0.599517 0.930398 0.064745 0.075536
11 0.840223 0.682470 0.069967 0.108431
11 0.896092 0.705009 0.073099 0.107212
11 0.912800 0.659931 0.062657 0.107212
11 0.816205 0.510077 0.078321 0.104776
11 0.794275 0.263975 0.063701 0.085283
11 0.825081 0.232908 0.064745 0.086501
11 0.801063 0.187221 0.058480 0.080409
22 0.138991 0.348649 0.052214 0.071881
22 0.118628 0.327937 0.065789 0.074318
22 0.154655 0.484492 0.062657 0.080409
22 0.139513 0.553327 0.076232 0.084064
22 0.081034 0.786636 0.078321 0.099903
22 0.405282 0.931008 0.062657 0.071881