23 0.822969 0.372954 0.129490 0.127924
23 0.601582 0.929728 0.066834 0.067008
30 0.277856 0.929728 0.062657 0.074318
30 0.277856 0.580678 0.064745 0.099903
30 0.225642 0.231629 0.058480 0.081628
29 0.238696 0.270006 0.067878 0.073099
29 0.236085 0.344933 0.062657 0.076754
29 0.201102 0.316911 0.069967 0.057261
29 0.132180 0.394884 0.074144 0.067008
29 0.175517 0.526463 0.079365 0.088938
29 0.193270 0.674489 0.077277 0.095029
29 0.401603 0.933383 0.065789 0.076754
31 0.159853 0.354679 0.091896 0.115741
31 0.342079 0.930337 0.063701 0.080409