17 0.789442 0.328810 0.066209 0.093946
17 0.792126 0.398747 0.069788 0.089770
17 0.816284 0.428497 0.067999 0.078288
17 0.782285 0.628392 0.082314 0.096033
17 0.845810 0.594990 0.071578 0.096033
17 0.803310 0.504175 0.074262 0.087683
17 0.848494 0.471816 0.071578 0.091858
17 0.603109 0.931565 0.063701 0.071881
7 0.224559 0.287072 0.066834 0.115741
7 0.216205 0.432662 0.073099 0.126706
7 0.206284 0.549621 0.076232 0.143762
7 0.177566 0.706784 0.068922 0.138889
7 0.400520 0.929128 0.069967 0.076754