3 0.8755952380952382 0.48020833333333335 0.13452380952380955 0.12569444444444444
3 0.599404761904762 0.93125 0.06666666666666668 0.06944444444444445
23 0.40148809523809526 0.9298611111111111 0.06964285714285715 0.07916666666666666
23 0.15744047619047621 0.7440972222222223 0.07202380952380953 0.11458333333333334
23 0.2205357142857143 0.7215277777777778 0.07321428571428572 0.11805555555555557
23 0.16696428571428573 0.6427083333333333 0.06488095238095239 0.10486111111111111
23 0.20595238095238097 0.6048611111111112 0.06904761904761905 0.10972222222222222
23 0.2485119047619048 0.5180555555555556 0.0755952380952381 0.10416666666666667
23 0.0824404761904762 0.6958333333333334 0.07916666666666668 0.10555555555555556
23 0.09077380952380953 0.6246527777777778 0.07083333333333335 0.08819444444444445
23 0.024107142857142858 0.7972222222222223 0.04940476190476191 0.10416666666666667
23 0.024404761904761908 0.6763888888888889 0.05 0.09027777777777778
23 0.028571428571428574 0.6027777777777777 0.05833333333333334 0.07361111111111111
23 0.06577380952380953 0.560763888888889 0.06011904761904763 0.09097222222222223
23 0.11845238095238096 0.5527777777777778 0.0642857142857143 0.10416666666666667
23 0.16904761904761906 0.5593750000000001 0.055952380952380955 0.09791666666666667
23 0.18660714285714286 0.5045138888888889 0.06488095238095239 0.08402777777777778
23 0.22886904761904764 0.45555555555555555 0.06964285714285715 0.09166666666666667
23 0.1761904761904762 0.45972222222222225 0.048809523809523817 0.075
23 0.13035714285714287 0.47500000000000003 0.05476190476190477 0.08750000000000001
23 0.07886904761904763 0.49444444444444446 0.05297619047619048 0.07361111111111111
23 0.25833333333333336 0.3076388888888889 0.055952380952380955 0.09583333333333334
23 0.23005952380952382 0.346875 0.05773809523809524 0.09097222222222223
23 0.19136904761904763 0.3947916666666667 0.05297619047619048 0.07847222222222222
23 0.14642857142857144 0.384375 0.048809523809523817 0.09097222222222223
23 0.09732142857142859 0.41423611111111114 0.05773809523809524 0.08819444444444445
23 0.11547619047619048 0.3263888888888889 0.04642857142857143 0.08750000000000001
23 0.18214285714285716 0.3142361111111111 0.05833333333333334 0.07569444444444445
23 0.15476190476190477 0.33645833333333336 0.05714285714285715 0.052083333333333336
23 0.21934523809523812 0.27708333333333335 0.058928571428571434 0.06805555555555556
23 0.2273809523809524 0.23958333333333334 0.06190476190476191 0.06666666666666667
23 0.1642857142857143 0.27222222222222225 0.05833333333333334 0.07083333333333333
23 0.13154761904761905 0.2586805555555556 0.06190476190476191 0.05902777777777778
23 0.1550595238095238 0.22534722222222223 0.06011904761904763 0.04791666666666667
23 0.20654761904761906 0.20625000000000002 0.06785714285714287 0.0763888888888889
23 0.125 0.20798611111111112 0.06309523809523811 0.07847222222222222
