16 0.2541666666666667 0.7440972222222223 0.03571428571428572 0.06875
16 0.21964285714285717 0.775 0.05833333333333334 0.06944444444444445
16 0.16130952380952382 0.2482638888888889 0.04642857142857143 0.05486111111111111
16 0.23392857142857146 0.6097222222222223 0.055952380952380955 0.06527777777777778
16 0.2821428571428572 0.24270833333333333 0.03928571428571429 0.05347222222222223
16 0.27589285714285716 0.5982638888888889 0.039880952380952385 0.06597222222222222
16 0.2205357142857143 0.6871527777777778 0.056547619047619055 0.06597222222222222
16 0.24940476190476193 0.5545138888888889 0.04285714285714286 0.05486111111111111
16 0.10357142857142858 0.7972222222222223 0.05952380952380953 0.07083333333333333
16 0.30833333333333335 0.21979166666666666 0.03571428571428572 0.04930555555555556
16 0.049702380952380956 0.5611111111111111 0.05178571428571429 0.0638888888888889
16 0.2625 0.4729166666666667 0.04047619047619048 0.0625
16 0.26755952380952386 0.2267361111111111 0.04583333333333334 0.05486111111111111
16 0.2449404761904762 0.42986111111111114 0.0505952380952381 0.059722222222222225
16 0.26875000000000004 0.3979166666666667 0.039880952380952385 0.061111111111111116
16 0.3014880952380953 0.27187500000000003 0.048214285714285716 0.05763888888888889
16 0.06458333333333334 0.5975694444444445 0.05535714285714286 0.06597222222222222
16 0.25952380952380955 0.2885416666666667 0.03928571428571429 0.05763888888888889
16 0.13273809523809524 0.4329861111111111 0.05238095238095239 0.06319444444444444
16 0.09077380952380953 0.49236111111111114 0.05297619047619048 0.0625
16 0.20833333333333334 0.5590277777777778 0.051190476190476196 0.0638888888888889
16 0.15744047619047621 0.3836805555555556 0.04583333333333334 0.05902777777777778
16 0.22886904761904764 0.4996527777777778 0.05297619047619048 0.06458333333333334
16 0.22767857142857145 0.3197916666666667 0.048214285714285716 0.05763888888888889
16 0.13898809523809524 0.34618055555555555 0.0505952380952381 0.05902777777777778
16 0.16577380952380955 0.22013888888888888 0.039880952380952385 0.04861111111111111
16 0.0449404761904762 0.6774305555555555 0.061309523809523814 0.07430555555555556
16 0.05178571428571429 0.7378472222222222 0.053571428571428575 0.07430555555555556
16 0.21904761904761907 0.7409722222222223 0.04642857142857143 0.0638888888888889
16 0.4011904761904762 0.9305555555555556 0.06666666666666668 0.07777777777777778
30 0.6005952380952382 0.9274305555555555 0.0642857142857143 0.07708333333333334
30 0.8220238095238096 0.6690972222222222 0.055952380952380955 0.09097222222222223
30 0.7729166666666667 0.7045138888888889 0.058928571428571434 0.08958333333333333
30 0.8235119047619048 0.7819444444444444 0.05773809523809524 0.09305555555555556
30 0.7601190476190477 0.6142361111111111 0.05952380952380953 0.09375
30 0.8032738095238096 0.5663194444444445 0.05416666666666667 0.09236111111111112
30 0.7660714285714286 0.529513888888889 0.05952380952380953 0.08263888888888889
30 0.7636904761904763 0.46458333333333335 0.05833333333333334 0.07916666666666666
30 0.7610119047619048 0.3628472222222222 0.05297619047619048 0.07847222222222222
30 0.7458333333333333 0.2555555555555556 0.05 0.07777777777777778
30 0.730654761904762 0.21458333333333335 0.044642857142857144 0.06944444444444445
