33 0.5973214285714287 0.9298611111111111 0.06845238095238096 0.08055555555555556
33 0.799702380952381 0.21736111111111112 0.07916666666666668 0.08888888888888889
33 0.8458333333333334 0.4 0.09642857142857143 0.09027777777777778
33 0.8476190476190477 0.44270833333333337 0.09047619047619049 0.10625
33 0.8461309523809525 0.7079861111111111 0.10297619047619049 0.09652777777777778
42 0.6625000000000001 0.9302083333333334 0.06309523809523811 0.07847222222222222
42 0.8238095238095239 0.6628472222222223 0.07261904761904762 0.10902777777777778
42 0.8160714285714287 0.7333333333333334 0.07976190476190477 0.12083333333333333
42 0.8398809523809525 0.5572916666666667 0.07023809523809524 0.11041666666666668
42 0.7925595238095239 0.49930555555555556 0.06845238095238096 0.1125
42 0.8002976190476191 0.4378472222222222 0.07083333333333335 0.09930555555555556
42 0.749107142857143 0.20381944444444444 0.056547619047619055 0.10208333333333333
42 0.7943452380952382 0.2517361111111111 0.061309523809523814 0.10347222222222223
51 0.23095238095238096 0.19444444444444445 0.0880952380952381 0.08888888888888889
51 0.21636904761904763 0.3027777777777778 0.0898809523809524 0.10416666666666667
51 0.18095238095238098 0.3888888888888889 0.09761904761904763 0.10416666666666667
51 0.16339285714285715 0.6711805555555556 0.10654761904761906 0.11041666666666668
51 0.4011904761904762 0.9298611111111111 0.06547619047619048 0.0763888888888889
48 0.33630952380952384 0.9267361111111111 0.06666666666666668 0.07708333333333334
48 0.1619047619047619 0.7434027777777779 0.09404761904761906 0.09791666666666667
48 0.24583333333333335 0.5260416666666667 0.08333333333333334 0.09097222222222223
48 0.19940476190476192 0.31527777777777777 0.06547619047619048 0.07222222222222223
48 0.22976190476190478 0.26006944444444446 0.08333333333333334 0.07013888888888889
48 0.27142857142857146 0.18993055555555557 0.06666666666666668 0.08263888888888889
