46 0.40148809523809526 0.9263888888888889 0.06607142857142857 0.0763888888888889
46 0.23630952380952383 0.4322916666666667 0.06071428571428572 0.09930555555555556
46 0.24970238095238098 0.5954861111111112 0.04940476190476191 0.10486111111111111
46 0.2017857142857143 0.6944444444444444 0.04047619047619048 0.10833333333333334
46 0.20029761904761906 0.7569444444444444 0.04583333333333334 0.11111111111111112
46 0.26160714285714287 0.7072916666666667 0.048214285714285716 0.10625
46 0.2565476190476191 0.23368055555555556 0.03571428571428572 0.09097222222222223
46 0.3086309523809524 0.2576388888888889 0.044642857142857144 0.09027777777777778
46 0.30565476190476193 0.22465277777777778 0.037500000000000006 0.08958333333333333
39 0.7610119047619048 0.2881944444444445 0.05416666666666667 0.07777777777777778
39 0.7761904761904762 0.36388888888888893 0.055952380952380955 0.07916666666666666
39 0.8101190476190477 0.7625000000000001 0.05714285714285715 0.09444444444444444
39 0.5958333333333334 0.9291666666666667 0.06785714285714287 0.07361111111111111
