52 0.6181547619047619 0.5541666666666667 0.06011904761904763 0.09444444444444444
52 0.6327380952380953 0.25798611111111114 0.05476190476190477 0.09375
52 0.7154761904761905 0.6586805555555556 0.0642857142857143 0.0951388888888889
52 0.5985119047619049 0.9305555555555556 0.06011904761904763 0.075
53 0.40089285714285716 0.9291666666666667 0.06607142857142857 0.07222222222222223
53 0.2666666666666667 0.5861111111111111 0.08095238095238096 0.09305555555555556
53 0.20148809523809524 0.5565972222222223 0.07797619047619048 0.09236111111111112
53 0.2035714285714286 0.4871527777777778 0.0761904761904762 0.07847222222222222
53 0.23035714285714287 0.41770833333333335 0.07261904761904762 0.07708333333333334
53 0.2729166666666667 0.36770833333333336 0.07678571428571429 0.08263888888888889
53 0.26607142857142857 0.234375 0.06666666666666668 0.07847222222222222
