53 0.2491071428571429 0.20381944444444444 0.06845238095238096 0.08125
53 0.23452380952380955 0.3579861111111111 0.07738095238095238 0.08541666666666667
53 0.20714285714285716 0.5315972222222223 0.07857142857142858 0.10347222222222223
53 0.24970238095238098 0.5788194444444444 0.08154761904761905 0.08680555555555555
53 0.22767857142857145 0.7527777777777778 0.07916666666666668 0.09583333333333334
53 0.3386904761904762 0.9281250000000001 0.06547619047619048 0.07430555555555556
45 0.40505952380952387 0.9298611111111111 0.06607142857142857 0.075
45 0.13898809523809524 0.6788194444444444 0.10892857142857144 0.12708333333333333
45 0.16785714285714287 0.47881944444444446 0.0880952380952381 0.11875000000000001
45 0.23005952380952382 0.4413194444444445 0.08511904761904762 0.10208333333333333
17 0.5967261904761906 0.9305555555555556 0.061309523809523814 0.07361111111111111
17 0.7613095238095239 0.6125 0.09285714285714286 0.05694444444444444
17 0.7889880952380953 0.5795138888888889 0.07202380952380953 0.05347222222222223
17 0.8541666666666667 0.6465277777777778 0.08452380952380953 0.061111111111111116
17 0.8812500000000001 0.6079861111111111 0.06488095238095239 0.04097222222222222
17 0.912202380952381 0.5666666666666667 0.06964285714285715 0.059722222222222225
17 0.955654761904762 0.7361111111111112 0.06964285714285715 0.04861111111111111
17 0.8380952380952382 0.74375 0.08095238095238096 0.05
17 0.8098214285714287 0.7777777777777778 0.07797619047619048 0.05416666666666667
17 0.736904761904762 0.4965277777777778 0.06785714285714287 0.05416666666666667
17 0.7943452380952382 0.4638888888888889 0.09345238095238097 0.05416666666666667
17 0.8630952380952381 0.33298611111111115 0.07500000000000001 0.05763888888888889
17 0.8636904761904762 0.2833333333333333 0.07142857142857144 0.04583333333333334
17 0.8267857142857143 0.22361111111111112 0.05833333333333334 0.044444444444444446
17 0.8017857142857143 0.21006944444444445 0.06071428571428572 0.04097222222222222
17 0.7255952380952382 0.22534722222222223 0.06785714285714287 0.043750000000000004
17 0.7574404761904763 0.23923611111111112 0.06726190476190477 0.04930555555555556
44 0.7357142857142858 0.2763888888888889 0.05238095238095239 0.0763888888888889
44 0.7497023809523811 0.3138888888888889 0.048214285714285716 0.075
44 0.7818452380952382 0.2729166666666667 0.05297619047619048 0.06666666666666667
44 0.7925595238095239 0.3336805555555556 0.05178571428571429 0.07847222222222222
44 0.8127976190476192 0.39340277777777777 0.056547619047619055 0.07152777777777779
44 0.7523809523809525 0.5173611111111112 0.05833333333333334 0.08194444444444444
44 0.8068452380952381 0.48194444444444445 0.05773809523809524 0.0763888888888889
44 0.8303571428571429 0.5760416666666667 0.0642857142857143 0.09097222222222223
44 0.7714285714285715 0.671875 0.06309523809523811 0.09236111111111112
44 0.8782738095238096 0.7829861111111112 0.06964285714285715 0.09652777777777778
44 0.9675595238095239 0.7777777777777778 0.061309523809523814 0.09722222222222222
44 0.6627976190476191 0.9305555555555556 0.0636904761904762 0.08055555555555556
