36 0.337202380952381 0.9288194444444445 0.0636904761904762 0.07430555555555556
36 0.22916666666666669 0.5357638888888889 0.06785714285714287 0.09791666666666667
36 0.2788690476190476 0.31527777777777777 0.061309523809523814 0.08194444444444444
7 0.14017857142857143 0.3836805555555556 0.11130952380952382 0.13125
7 0.40327380952380953 0.9288194444444445 0.06964285714285715 0.07569444444444445
26 0.5967261904761906 0.9302083333333334 0.06607142857142857 0.07291666666666667
26 0.7955357142857143 0.6121527777777778 0.042261904761904764 0.050694444444444445
26 0.8589285714285715 0.7701388888888889 0.07023809523809524 0.08888888888888889
26 0.7613095238095239 0.43368055555555557 0.06309523809523811 0.06875
26 0.7458333333333333 0.371875 0.06071428571428572 0.06319444444444444
26 0.7913690476190477 0.3770833333333333 0.056547619047619055 0.0638888888888889
26 0.7723214285714286 0.3315972222222222 0.05773809523809524 0.05486111111111111
26 0.8044642857142857 0.2559027777777778 0.04702380952380953 0.06180555555555556
26 0.7720238095238096 0.22534722222222223 0.0380952380952381 0.04652777777777778
23 0.8214285714285715 0.7236111111111111 0.08690476190476192 0.12083333333333333
23 0.6610119047619049 0.9302083333333334 0.0636904761904762 0.08125
23 0.7836309523809525 0.6489583333333333 0.08511904761904762 0.10208333333333333
23 0.7693452380952381 0.5597222222222222 0.08630952380952382 0.09305555555555556
23 0.8413690476190477 0.5996527777777778 0.08035714285714286 0.1076388888888889
23 0.8949404761904762 0.5760416666666667 0.07440476190476192 0.10486111111111111
23 0.8752976190476192 0.5232638888888889 0.0755952380952381 0.06458333333333334
23 0.8330357142857143 0.5305555555555556 0.0755952380952381 0.061111111111111116
23 0.7889880952380953 0.5052083333333334 0.07797619047619048 0.07986111111111112
23 0.8258928571428572 0.4465277777777778 0.06964285714285715 0.09861111111111112
23 0.762202380952381 0.2885416666666667 0.07083333333333335 0.08819444444444445
23 0.8056547619047619 0.27847222222222223 0.0636904761904762 0.09305555555555556
23 0.7523809523809525 0.23368055555555556 0.06547619047619048 0.05902777777777778
