49 0.1580357142857143 0.7076388888888889 0.11250000000000002 0.1527777777777778
49 0.19910714285714287 0.3458333333333333 0.12083333333333335 0.125
49 0.17797619047619048 0.3138888888888889 0.10476190476190478 0.08055555555555556
49 0.16398809523809527 0.2715277777777778 0.09107142857142858 0.11111111111111112
49 0.2041666666666667 0.2215277777777778 0.07976190476190477 0.10555555555555556
49 0.23095238095238096 0.3888888888888889 0.08095238095238096 0.04583333333333334
49 0.2380952380952381 0.4447916666666667 0.09404761904761906 0.11597222222222223
49 0.1967261904761905 0.4670138888888889 0.1005952380952381 0.12847222222222224
49 0.275 0.93125 0.06190476190476191 0.08194444444444444
46 0.33958333333333335 0.9305555555555556 0.0636904761904762 0.08055555555555556
46 0.2791666666666667 0.22083333333333335 0.04166666666666667 0.09861111111111112
46 0.13214285714285715 0.19756944444444446 0.04761904761904762 0.04791666666666667
46 0.17470238095238097 0.37430555555555556 0.042261904761904764 0.09027777777777778
46 0.1598214285714286 0.4708333333333333 0.04583333333333334 0.10138888888888889
46 0.21160714285714288 0.5593750000000001 0.04702380952380953 0.10347222222222223
46 0.23898809523809525 0.6864583333333334 0.04940476190476191 0.10069444444444445
46 0.23690476190476192 0.7680555555555556 0.048809523809523817 0.10972222222222222
46 0.18214285714285716 0.7763888888888889 0.05476190476190477 0.11111111111111112
7 0.0755952380952381 0.6166666666666667 0.11547619047619048 0.14444444444444446
7 0.40208333333333335 0.9322916666666667 0.061309523809523814 0.08402777777777778
7 0.13660714285714287 0.24270833333333333 0.08630952380952382 0.10347222222222223
41 0.749404761904762 0.6256944444444444 0.10714285714285715 0.11666666666666667
41 0.6660714285714286 0.3746527777777778 0.10238095238095239 0.10902777777777778
41 0.7065476190476191 0.24722222222222223 0.09642857142857143 0.11111111111111112
41 0.7264880952380953 0.9333333333333333 0.07321428571428572 0.08611111111111111
37 0.6604166666666668 0.9319444444444445 0.06726190476190477 0.08750000000000001
37 0.7401785714285715 0.7725694444444444 0.04940476190476191 0.09930555555555556
37 0.8038690476190476 0.7739583333333334 0.09702380952380953 0.09791666666666667
34 0.5982142857142858 0.93125 0.06071428571428572 0.07777777777777778
34 0.8604166666666667 0.6621527777777778 0.08630952380952382 0.07847222222222222
34 0.8553571428571429 0.7222222222222222 0.08452380952380953 0.09027777777777778
34 0.8538690476190477 0.45833333333333337 0.07797619047619048 0.08472222222222223
34 0.8651785714285715 0.41458333333333336 0.07083333333333335 0.07916666666666666
34 0.793452380952381 0.32430555555555557 0.07261904761904762 0.075
34 0.8047619047619048 0.22916666666666669 0.07023809523809524 0.06944444444444445
