24 0.2761904761904762 0.9260416666666667 0.06190476190476191 0.07291666666666667
24 0.1410714285714286 0.7659722222222223 0.06666666666666668 0.09861111111111112
24 0.2041666666666667 0.763888888888889 0.07023809523809524 0.10694444444444445
24 0.17023809523809524 0.5072916666666667 0.08095238095238096 0.09097222222222223
24 0.20267857142857146 0.34305555555555556 0.06845238095238096 0.08888888888888889
24 0.21994047619047621 0.29756944444444444 0.058928571428571434 0.06597222222222222
24 0.2098214285714286 0.22256944444444446 0.06726190476190477 0.08402777777777778
39 0.20892857142857144 0.24895833333333334 0.04047619047619048 0.06597222222222222
39 0.2392857142857143 0.2868055555555556 0.051190476190476196 0.06805555555555556
39 0.21130952380952384 0.39548611111111115 0.051190476190476196 0.06597222222222222
39 0.19464285714285717 0.6729166666666667 0.06190476190476191 0.08888888888888889
39 0.40208333333333335 0.9291666666666667 0.0625 0.07083333333333333
36 0.33779761904761907 0.9281250000000001 0.06011904761904763 0.07152777777777779
36 0.2800595238095238 0.3541666666666667 0.05416666666666667 0.08055555555555556
36 0.26517857142857143 0.4076388888888889 0.06011904761904763 0.08194444444444444
36 0.21934523809523812 0.7236111111111111 0.061309523809523814 0.09166666666666667
52 0.5967261904761906 0.9288194444444445 0.0636904761904762 0.07152777777777779
52 0.6657738095238096 0.7204861111111112 0.061309523809523814 0.09930555555555556
52 0.7086309523809524 0.623263888888889 0.06845238095238096 0.10069444444444445
52 0.6627976190476191 0.35347222222222224 0.05297619047619048 0.08472222222222223
52 0.7044642857142858 0.32395833333333335 0.0505952380952381 0.08541666666666667
52 0.705952380952381 0.2885416666666667 0.04642857142857143 0.052083333333333336
22 0.6607142857142858 0.9284722222222223 0.0642857142857143 0.07222222222222223
22 0.8607142857142858 0.7559027777777778 0.09523809523809525 0.11180555555555556
22 0.8196428571428572 0.6510416666666667 0.09642857142857143 0.10486111111111111
22 0.8342261904761905 0.5847222222222223 0.0886904761904762 0.1
22 0.8440476190476192 0.4510416666666667 0.08214285714285716 0.09930555555555556
22 0.8071428571428572 0.4527777777777778 0.05833333333333334 0.10138888888888889
22 0.7797619047619049 0.26006944444444446 0.07976190476190477 0.09375
22 0.8089285714285716 0.1996527777777778 0.07023809523809524 0.08402777777777778
