35 0.8157738095238096 0.6899305555555556 0.0755952380952381 0.15763888888888888
35 0.5973214285714287 0.9329861111111112 0.0625 0.07569444444444445
35 0.8095238095238096 0.4215277777777778 0.06190476190476191 0.15
35 0.7791666666666668 0.309375 0.051190476190476196 0.13680555555555557
35 0.8095238095238096 0.18368055555555557 0.048809523809523817 0.13402777777777777
34 0.6627976190476191 0.93125 0.06488095238095239 0.075
34 0.8863095238095239 0.7052083333333333 0.08333333333333334 0.09236111111111112
34 0.9050595238095239 0.7670138888888889 0.07797619047619048 0.09652777777777778
34 0.8916666666666667 0.5697916666666667 0.06666666666666668 0.08541666666666667
34 0.8714285714285716 0.5003472222222223 0.08095238095238096 0.08819444444444445
34 0.7875000000000001 0.2934027777777778 0.036904761904761905 0.07708333333333334
34 0.8279761904761905 0.32569444444444445 0.07500000000000001 0.06944444444444445
34 0.8407738095238096 0.28784722222222225 0.07678571428571429 0.06319444444444444
34 0.8675595238095238 0.23506944444444444 0.06964285714285715 0.07569444444444445
40 0.20208333333333336 0.4083333333333333 0.10654761904761906 0.11111111111111112
40 0.40089285714285716 0.9291666666666667 0.06488095238095239 0.0763888888888889
31 0.3366071428571429 0.9288194444444445 0.0636904761904762 0.07569444444444445
31 0.15208333333333335 0.7322916666666667 0.1136904761904762 0.09375
31 0.125 0.6826388888888889 0.10595238095238096 0.09305555555555556
31 0.14285714285714288 0.6378472222222222 0.09880952380952382 0.0951388888888889
31 0.2636904761904762 0.36388888888888893 0.08452380952380953 0.08194444444444444
31 0.2017857142857143 0.3336805555555556 0.09166666666666667 0.07291666666666667
31 0.1910714285714286 0.29930555555555555 0.09761904761904763 0.075
31 0.20833333333333334 0.2670138888888889 0.0880952380952381 0.06319444444444444
31 0.20535714285714288 0.2232638888888889 0.07261904761904762 0.06458333333333334
31 0.25089285714285714 0.2371527777777778 0.07321428571428572 0.07986111111111112
