31 0.848756 0.342853 0.072525 0.089260
31 0.813229 0.465949 0.088917 0.094953
31 0.812784 0.373507 0.081443 0.092560
31 0.807974 0.277235 0.069333 0.089945
31 0.870190 0.616774 0.088834 0.100114
31 0.761887 0.251833 0.053547 0.085105
31 0.770956 0.186269 0.072389 0.086039
31 0.865703 0.713348 0.093919 0.105085
31 0.826122 0.178099 0.081554 0.091638
29 0.401281 0.931093 0.060911 0.070794
29 0.215265 0.301997 0.060628 0.043277
29 0.183279 0.499249 0.064214 0.069457
29 0.215919 0.307240 0.062539 0.054883
29 0.193522 0.446396 0.074233 0.066984
29 0.232775 0.473993 0.064556 0.081030
29 0.210219 0.341775 0.063837 0.070787
29 0.190016 0.585199 0.066426 0.081570
29 0.137144 0.595234 0.060575 0.077031
29 0.207158 0.224672 0.051675 0.065284
29 0.216645 0.548835 0.070733 0.069641
29 0.151539 0.648670 0.070166 0.080867
29 0.250149 0.212391 0.056406 0.071998
29 0.172532 0.269625 0.064325 0.062718
29 0.132164 0.753979 0.078406 0.092462
29 0.174399 0.704133 0.075291 0.085191
29 0.164915 0.369937 0.060513 0.078655
31 0.602787 0.930217 0.065041 0.069106
31 0.840302 0.542005 0.108014 0.108401