41 0.4023809523809524 0.9274305555555555 0.0642857142857143 0.07847222222222222
41 0.25178571428571433 0.3704861111111111 0.08571428571428572 0.09791666666666667
41 0.2806547619047619 0.43333333333333335 0.0898809523809524 0.08472222222222223
41 0.3151785714285715 0.39861111111111114 0.07797619047619048 0.08055555555555556
41 0.26755952380952386 0.6788194444444444 0.11011904761904763 0.11875000000000001
41 0.2854166666666667 0.5208333333333334 0.10654761904761906 0.10138888888888889
6 0.33571428571428574 0.9291666666666667 0.06666666666666668 0.075
6 0.2678571428571429 0.3388888888888889 0.055952380952380955 0.09305555555555556
6 0.31815476190476194 0.33993055555555557 0.05773809523809524 0.09097222222222223
6 0.299702380952381 0.2677083333333333 0.056547619047619055 0.07708333333333334
6 0.30327380952380956 0.19791666666666669 0.05773809523809524 0.08333333333333334
47 0.7639880952380953 0.6423611111111112 0.08392857142857144 0.10694444444444445
47 0.7791666666666668 0.7354166666666667 0.08333333333333334 0.1125
47 0.724404761904762 0.9288194444444445 0.06071428571428572 0.07291666666666667
47 0.8482142857142858 0.3809027777777778 0.08690476190476192 0.10347222222222223
47 0.7339285714285715 0.2871527777777778 0.07500000000000001 0.09236111111111112
47 0.7824404761904763 0.2986111111111111 0.06726190476190477 0.09166666666666667
1 0.7913690476190477 0.18472222222222223 0.06964285714285715 0.1125
1 0.5955357142857144 0.9284722222222223 0.0625 0.0763888888888889
50 0.6613095238095239 0.9309027777777779 0.06190476190476191 0.07152777777777779
50 0.817857142857143 0.7996527777777778 0.06190476190476191 0.04236111111111111
50 0.7705357142857143 0.7458333333333333 0.044642857142857144 0.0375
50 0.8232142857142858 0.7312500000000001 0.05714285714285715 0.04027777777777778
50 0.7693452380952381 0.6104166666666667 0.06011904761904763 0.044444444444444446
50 0.7809523809523811 0.5722222222222223 0.05714285714285715 0.051388888888888894
50 0.811904761904762 0.5590277777777778 0.053571428571428575 0.04861111111111111
50 0.7565476190476191 0.45590277777777777 0.05238095238095239 0.04236111111111111
50 0.7404761904761905 0.4204861111111111 0.05238095238095239 0.03958333333333333
50 0.7511904761904763 0.3861111111111111 0.05833333333333334 0.04861111111111111
50 0.7791666666666668 0.4152777777777778 0.034523809523809526 0.044444444444444446
50 0.7645833333333334 0.25833333333333336 0.03869047619047619 0.034722222222222224
50 0.7610119047619048 0.34097222222222223 0.04940476190476191 0.036111111111111115
50 0.7693452380952381 0.30312500000000003 0.02916666666666667 0.029861111111111113
