46 0.2485119047619048 0.7000000000000001 0.056547619047619055 0.11527777777777778
46 0.23452380952380955 0.1951388888888889 0.05 0.09166666666666667
46 0.21934523809523812 0.31493055555555555 0.044642857142857144 0.10208333333333333
46 0.2619047619047619 0.33333333333333337 0.04642857142857143 0.09305555555555556
46 0.20148809523809524 0.4215277777777778 0.04107142857142858 0.08472222222222223
46 0.1967261904761905 0.4795138888888889 0.048214285714285716 0.09791666666666667
46 0.2386904761904762 0.49062500000000003 0.045238095238095244 0.11041666666666668
46 0.19434523809523813 0.5420138888888889 0.04583333333333334 0.1076388888888889
46 0.17589285714285716 0.6045138888888889 0.04940476190476191 0.10902777777777778
46 0.1550595238095238 0.7371527777777778 0.04583333333333334 0.10902777777777778
46 0.40148809523809526 0.9284722222222223 0.06488095238095239 0.07361111111111111
26 0.6011904761904763 0.9274305555555555 0.0642857142857143 0.07569444444444445
26 0.8333333333333334 0.6815972222222223 0.07023809523809524 0.08541666666666667
26 0.8342261904761905 0.7864583333333334 0.0755952380952381 0.08402777777777778
26 0.7711309523809524 0.43159722222222224 0.0636904761904762 0.06875
26 0.7767857142857143 0.37083333333333335 0.07261904761904762 0.0625
26 0.7363095238095239 0.3420138888888889 0.05476190476190477 0.06041666666666667
26 0.7217261904761906 0.29756944444444444 0.06726190476190477 0.05902777777777778
26 0.7815476190476192 0.24965277777777778 0.05833333333333334 0.06319444444444444
