26 0.4029761904761905 0.9291666666666667 0.06904761904761905 0.07777777777777778
26 0.21964285714285717 0.21736111111111112 0.07261904761904762 0.08055555555555556
26 0.19523809523809527 0.284375 0.07023809523809524 0.08125
26 0.22886904761904764 0.34479166666666666 0.06964285714285715 0.07847222222222222
26 0.17946428571428574 0.3857638888888889 0.06845238095238096 0.09097222222222223
26 0.2398809523809524 0.40208333333333335 0.06904761904761905 0.09027777777777778
26 0.17827380952380953 0.4729166666666667 0.08154761904761905 0.08750000000000001
26 0.1648809523809524 0.5388888888888889 0.07500000000000001 0.09027777777777778
26 0.22470238095238096 0.5482638888888889 0.07202380952380953 0.08402777777777778
26 0.21220238095238098 0.5972222222222222 0.0755952380952381 0.09305555555555556
26 0.1660714285714286 0.6385416666666667 0.07857142857142858 0.0951388888888889
26 0.20148809523809524 0.7059027777777778 0.08035714285714286 0.10069444444444445
26 0.15535714285714286 0.7409722222222223 0.08333333333333334 0.08611111111111111
26 0.1449404761904762 0.7986111111111112 0.09226190476190477 0.09305555555555556
38 0.5988095238095239 0.9309027777777779 0.06071428571428572 0.07152777777777779
38 0.8764880952380953 0.6677083333333333 0.07797619047619048 0.11041666666666668
38 0.8747023809523811 0.5232638888888889 0.07083333333333335 0.09791666666666667
38 0.8586309523809524 0.35868055555555556 0.0636904761904762 0.09652777777777778
