40 0.2023809523809524 0.40243055555555557 0.10833333333333334 0.11458333333333334
40 0.21220238095238098 0.49270833333333336 0.11250000000000002 0.11597222222222223
40 0.33839285714285716 0.9284722222222223 0.0636904761904762 0.08055555555555556
7 0.40148809523809526 0.9291666666666667 0.06011904761904763 0.08333333333333334
7 0.0705357142857143 0.7350694444444444 0.10892857142857144 0.14375000000000002
15 0.5949404761904763 0.9319444444444445 0.06726190476190477 0.0763888888888889
15 0.7642857142857143 0.2513888888888889 0.07023809523809524 0.125
15 0.8324404761904762 0.38784722222222223 0.06607142857142857 0.12847222222222224
15 0.8315476190476191 0.5625 0.06785714285714287 0.09444444444444444
37 0.8422619047619049 0.6357638888888889 0.09166666666666667 0.10208333333333333
37 0.662202380952381 0.9305555555555556 0.061309523809523814 0.08055555555555556
