43 0.5047619047619049 0.33125 0.09047619047619049 0.10416666666666667
43 0.5389880952380953 0.5541666666666667 0.10654761904761906 0.12361111111111112
43 0.5752976190476191 0.6940972222222223 0.09345238095238097 0.12291666666666667
43 0.6229166666666667 0.6833333333333333 0.09107142857142858 0.11666666666666667
43 0.6613095238095239 0.9336805555555556 0.06904761904761905 0.07708333333333334
23 0.5964285714285715 0.9288194444444445 0.06666666666666668 0.08819444444444445
23 0.8133928571428573 0.7579861111111111 0.09107142857142858 0.10625
23 0.8851190476190477 0.6822916666666667 0.08333333333333334 0.11319444444444444
23 0.7991071428571429 0.6170138888888889 0.0886904761904762 0.10486111111111111
23 0.8458333333333334 0.596875 0.08214285714285716 0.08819444444444445
23 0.8029761904761905 0.515625 0.08214285714285716 0.09930555555555556
23 0.8580357142857143 0.49409722222222224 0.0755952380952381 0.0951388888888889
23 0.8056547619047619 0.4642361111111111 0.06964285714285715 0.07569444444444445
23 0.787202380952381 0.39375 0.07440476190476192 0.10277777777777779
23 0.8327380952380953 0.36319444444444443 0.08214285714285716 0.09583333333333334
23 0.7898809523809525 0.31666666666666665 0.055952380952380955 0.06805555555555556
23 0.7738095238095238 0.28125 0.06309523809523811 0.06527777777777778
23 0.7366071428571429 0.23750000000000002 0.06607142857142857 0.08333333333333334
23 0.7699404761904762 0.21319444444444446 0.06964285714285715 0.08611111111111111
23 0.7761904761904762 0.178125 0.07023809523809524 0.08402777777777778
32 0.3380952380952381 0.9281250000000001 0.06547619047619048 0.07291666666666667
32 0.16904761904761906 0.6475694444444444 0.10595238095238096 0.09236111111111112
32 0.17261904761904764 0.5923611111111111 0.08214285714285716 0.08333333333333334
32 0.2574404761904762 0.5916666666666667 0.10892857142857144 0.08888888888888889
32 0.18392857142857144 0.5413194444444445 0.1 0.08541666666666667
32 0.2273809523809524 0.47187500000000004 0.09642857142857143 0.07708333333333334
32 0.19017857142857145 0.44236111111111115 0.09583333333333334 0.09444444444444444
32 0.24017857142857146 0.41423611111111114 0.0886904761904762 0.07152777777777779
32 0.18482142857142858 0.3649305555555556 0.06011904761904763 0.08263888888888889
32 0.13601190476190478 0.3284722222222222 0.08392857142857144 0.08611111111111111
32 0.10982142857142858 0.39722222222222225 0.1005952380952381 0.07777777777777778
32 0.2794642857142857 0.32083333333333336 0.0886904761904762 0.075
32 0.2663690476190476 0.2586805555555556 0.08273809523809525 0.06180555555555556
32 0.19761904761904764 0.28541666666666665 0.07261904761904762 0.07222222222222223
32 0.20952380952380956 0.30486111111111114 0.051190476190476196 0.04583333333333334
32 0.2898809523809524 0.2076388888888889 0.08571428571428572 0.075
14 0.2318452380952381 0.21840277777777778 0.056547619047619055 0.07152777777777779
14 0.2273809523809524 0.37222222222222223 0.06666666666666668 0.07777777777777778
14 0.06160714285714286 0.592013888888889 0.07797619047619048 0.1076388888888889
14 0.10833333333333334 0.7239583333333334 0.08333333333333334 0.12986111111111112
14 0.16726190476190478 0.765625 0.07976190476190477 0.11180555555555556
14 0.1619047619047619 0.6875 0.07261904761904762 0.10416666666666667
14 0.4035714285714286 0.9291666666666667 0.06071428571428572 0.07361111111111111
