2 0.33571428571428574 0.7625000000000001 0.09642857142857143 0.08333333333333334
2 0.3955357142857143 0.7364583333333333 0.09702380952380953 0.07847222222222222
2 0.3574404761904762 0.6899305555555556 0.09464285714285715 0.07291666666666667
2 0.34315476190476196 0.640625 0.0898809523809524 0.07291666666666667
2 0.3398809523809524 0.5944444444444444 0.09166666666666667 0.05555555555555556
2 0.32321428571428573 0.5496527777777778 0.07857142857142858 0.07291666666666667
2 0.3729166666666667 0.5260416666666667 0.06607142857142857 0.07708333333333334
2 0.4241071428571429 0.503125 0.07321428571428572 0.07013888888888889
2 0.35446428571428573 0.4388888888888889 0.08035714285714286 0.06944444444444445
2 0.42053571428571435 0.43472222222222223 0.07321428571428572 0.06527777777777778
2 0.40416666666666673 0.39548611111111115 0.05833333333333334 0.05625
2 0.34613095238095243 0.3927083333333333 0.0755952380952381 0.06319444444444444
2 0.3723214285714286 0.35625 0.06488095238095239 0.05694444444444444
2 0.4366071428571429 0.3614583333333333 0.07321428571428572 0.06458333333333334
2 0.35922619047619053 0.32395833333333335 0.07797619047619048 0.05902777777777778
2 0.3404761904761905 0.2642361111111111 0.07023809523809524 0.06180555555555556
2 0.43154761904761907 0.26840277777777777 0.07976190476190477 0.06319444444444444
2 0.19523809523809527 0.24131944444444445 0.0642857142857143 0.05763888888888889
2 0.19345238095238096 0.30694444444444446 0.06190476190476191 0.058333333333333334
2 0.11190476190476191 0.3076388888888889 0.06666666666666668 0.05694444444444444
2 0.14047619047619048 0.41458333333333336 0.06309523809523811 0.058333333333333334
2 0.10595238095238096 0.6111111111111112 0.06785714285714287 0.058333333333333334
2 0.33779761904761907 0.9326388888888889 0.061309523809523814 0.06944444444444445
46 0.27648809523809526 0.9305555555555556 0.0625 0.07083333333333333
46 0.09642857142857143 0.7347222222222223 0.04642857142857143 0.09583333333333334
46 0.09851190476190477 0.6635416666666667 0.04583333333333334 0.07708333333333334
46 0.04583333333333334 0.7697916666666667 0.05 0.0951388888888889
46 0.0449404761904762 0.6555555555555556 0.04345238095238096 0.08750000000000001
46 0.06845238095238096 0.5513888888888889 0.034523809523809526 0.09444444444444444
46 0.12232142857142858 0.47395833333333337 0.0505952380952381 0.0951388888888889
46 0.06607142857142857 0.44027777777777777 0.04404761904761905 0.09583333333333334
46 0.04017857142857143 0.5152777777777778 0.04107142857142858 0.10138888888888889
46 0.13273809523809524 0.3590277777777778 0.03214285714285715 0.07916666666666666
46 0.15625000000000003 0.3284722222222222 0.03630952380952381 0.08750000000000001
46 0.14821428571428572 0.18611111111111112 0.04047619047619048 0.08888888888888889
54 0.2416666666666667 0.21354166666666669 0.08095238095238096 0.08958333333333333
54 0.15089285714285716 0.2635416666666667 0.08035714285714286 0.07430555555555556
54 0.4005952380952381 0.9309027777777779 0.06309523809523811 0.07291666666666667
52 0.7446428571428572 0.7548611111111111 0.07380952380952381 0.10972222222222222
52 0.7223214285714287 0.5697916666666667 0.06607142857142857 0.09097222222222223
52 0.7083333333333334 0.38125000000000003 0.06071428571428572 0.09305555555555556
52 0.7250000000000001 0.33437500000000003 0.05952380952380953 0.07152777777777779
52 0.6595238095238096 0.9291666666666667 0.06071428571428572 0.07222222222222223
44 0.7238095238095239 0.9277777777777778 0.06190476190476191 0.07083333333333333
44 0.8776785714285715 0.7819444444444444 0.07083333333333335 0.09444444444444444
44 0.8232142857142858 0.6618055555555555 0.07261904761904762 0.08472222222222223
44 0.8500000000000001 0.5885416666666667 0.06547619047619048 0.08819444444444445
44 0.8553571428571429 0.5086805555555556 0.04642857142857143 0.07847222222222222
44 0.8416666666666668 0.4600694444444445 0.05238095238095239 0.06597222222222222
44 0.880357142857143 0.4430555555555556 0.05476190476190477 0.07916666666666666
44 0.7895833333333334 0.36944444444444446 0.058928571428571434 0.075
44 0.8232142857142858 0.3510416666666667 0.05476190476190477 0.07708333333333334
44 0.7901785714285715 0.28402777777777777 0.0636904761904762 0.0763888888888889
44 0.7431547619047619 0.2972222222222222 0.048214285714285716 0.07777777777777778
44 0.755654761904762 0.18645833333333334 0.039880952380952385 0.06875
14 0.7800595238095239 0.21631944444444445 0.07440476190476192 0.09791666666666667
14 0.8023809523809524 0.434375 0.0642857142857143 0.10625
14 0.8160714285714287 0.5211805555555555 0.07857142857142858 0.09791666666666667
14 0.8895833333333334 0.6913194444444445 0.1005952380952381 0.10625
14 0.5982142857142858 0.9270833333333334 0.06309523809523811 0.07083333333333333
