53 0.7345238095238096 0.5291666666666667 0.07142857142857144 0.09305555555555556
53 0.7797619047619049 0.45069444444444445 0.07857142857142858 0.09166666666666667
53 0.7511904761904763 0.2795138888888889 0.0642857142857143 0.07291666666666667
53 0.7773809523809525 0.23298611111111112 0.06547619047619048 0.06458333333333334
53 0.7794642857142858 0.26284722222222223 0.05178571428571429 0.07013888888888889
53 0.6607142857142858 0.9298611111111111 0.06190476190476191 0.07083333333333333
24 0.5967261904761906 0.9267361111111111 0.06726190476190477 0.07152777777777779
24 0.7976190476190477 0.7253472222222223 0.07976190476190477 0.10208333333333333
24 0.8110119047619049 0.6715277777777778 0.0755952380952381 0.09583333333333334
24 0.7357142857142858 0.37569444444444444 0.07857142857142858 0.08472222222222223
24 0.8041666666666667 0.35000000000000003 0.07380952380952381 0.08472222222222223
24 0.7511904761904763 0.20729166666666668 0.0642857142857143 0.07847222222222222
26 0.4011904761904762 0.9281250000000001 0.0642857142857143 0.07430555555555556
26 0.25952380952380955 0.23194444444444445 0.055952380952380955 0.0638888888888889
26 0.27589285714285716 0.3652777777777778 0.06845238095238096 0.06666666666666667
26 0.21934523809523812 0.38645833333333335 0.061309523809523814 0.06458333333333334
26 0.2636904761904762 0.4586805555555556 0.06190476190476191 0.06736111111111111
26 0.23630952380952383 0.5076388888888889 0.06309523809523811 0.07222222222222223
26 0.22619047619047622 0.6677083333333333 0.06666666666666668 0.07569444444444445
26 0.18005952380952384 0.7392361111111111 0.06845238095238096 0.07430555555555556
34 0.11339285714285716 0.6753472222222222 0.08273809523809525 0.09652777777777778
34 0.16577380952380955 0.6065972222222222 0.08273809523809525 0.08541666666666667
34 0.16755952380952382 0.5520833333333334 0.07440476190476192 0.07777777777777778
34 0.33898809523809526 0.93125 0.0636904761904762 0.07777777777777778
34 0.1693452380952381 0.31319444444444444 0.06488095238095239 0.07916666666666666
34 0.17857142857142858 0.27534722222222224 0.07023809523809524 0.07986111111111112
