25 0.202689 0.236641 0.074250 0.077225
25 0.160707 0.709264 0.100919 0.086737
25 0.191610 0.557805 0.094741 0.076755
25 0.215036 0.427663 0.076313 0.073792
25 0.209115 0.626792 0.084518 0.077547
25 0.133541 0.508486 0.091948 0.080531
25 0.127080 0.656615 0.087959 0.090621
25 0.244801 0.388441 0.062294 0.081774
8 0.952497 0.786042 0.045252 0.070968
8 0.665639 0.932080 0.047717 0.066025
8 0.730617 0.323798 0.037485 0.035756
8 0.896050 0.498941 0.038041 0.057293
8 0.895406 0.456050 0.040609 0.049869
8 0.908154 0.374781 0.047047 0.055906
8 0.774951 0.305123 0.049619 0.058275
8 0.865576 0.267501 0.037644 0.055315
8 0.931958 0.501530 0.042384 0.058485
8 0.762149 0.563177 0.054120 0.063604
8 0.872039 0.581355 0.042895 0.064983
8 0.837698 0.215798 0.035482 0.052233
8 0.756310 0.261974 0.040714 0.053411
8 0.868449 0.208388 0.043698 0.056725
8 0.928203 0.717929 0.044951 0.070309
8 0.736299 0.220138 0.038716 0.052171
8 0.861334 0.454359 0.037855 0.061133
8 0.775625 0.395973 0.050496 0.055787
8 0.868576 0.400991 0.049901 0.062113
8 0.735680 0.363143 0.041424 0.059369
8 0.820825 0.792193 0.059988 0.071181
8 0.755150 0.598835 0.054254 0.066093
8 0.895629 0.666037 0.047071 0.065827
8 0.781479 0.443969 0.051783 0.061229
8 0.719733 0.241969 0.037355 0.055495
8 0.841782 0.354826 0.041637 0.059534
8 0.776652 0.763316 0.045906 0.070128
8 0.786211 0.547577 0.053742 0.065091
8 0.768279 0.326771 0.049045 0.058756
8 0.828247 0.256913 0.044592 0.057135
8 0.738984 0.468132 0.053134 0.062747
31 0.599884 0.930894 0.063879 0.070461
31 0.911731 0.331978 0.104530 0.105691
31 0.931475 0.602304 0.106852 0.131436
8 0.817073 0.699864 0.059233 0.071816
8 0.822880 0.728997 0.066202 0.065041
25 0.262485 0.216125 0.072009 0.058266
25 0.257259 0.264228 0.073171 0.065041
25 0.185250 0.426829 0.061556 0.062331
25 0.098142 0.266260 0.077816 0.074526
25 0.340883 0.930217 0.059233 0.074526
24 0.404762 0.930217 0.063879 0.079946
24 0.278746 0.333333 0.055749 0.075881
24 0.251452 0.183604 0.038328 0.071816
24 0.128920 0.310976 0.046458 0.079946
24 0.199768 0.354336 0.037166 0.077236
24 0.097561 0.479675 0.051103 0.081301
24 0.052846 0.542005 0.038328 0.067751
24 0.076074 0.596883 0.049942 0.090786
24 0.069686 0.676152 0.051103 0.094851
24 0.204994 0.498645 0.042973 0.073171
24 0.177120 0.460705 0.040650 0.075881
24 0.216028 0.752033 0.060395 0.086721
24 0.173635 0.798103 0.075494 0.097561
24 0.121370 0.214092 0.047619 0.078591