54 0.33839285714285716 0.929513888888889 0.06011904761904763 0.07569444444444445
54 0.16398809523809527 0.5951388888888889 0.09940476190476191 0.09722222222222222
54 0.1550595238095238 0.5496527777777778 0.09345238095238097 0.08402777777777778
54 0.23303571428571432 0.5458333333333334 0.08750000000000001 0.10833333333333334
54 0.22708333333333336 0.4329861111111111 0.08750000000000001 0.10069444444444445
54 0.20327380952380955 0.3402777777777778 0.09107142857142858 0.09861111111111112
54 0.27083333333333337 0.196875 0.07261904761904762 0.08680555555555555
54 0.17946428571428574 0.7052083333333333 0.08035714285714286 0.08263888888888889
51 0.4035714285714286 0.9284722222222223 0.06904761904761905 0.07361111111111111
51 0.18452380952380953 0.7451388888888889 0.12142857142857144 0.1125
51 0.18482142857142858 0.3614583333333333 0.0898809523809524 0.09930555555555556
51 0.2604166666666667 0.253125 0.1005952380952381 0.11458333333333334
36 0.6601190476190477 0.929513888888889 0.06547619047619048 0.07291666666666667
36 0.7797619047619049 0.4920138888888889 0.06071428571428572 0.07847222222222222
36 0.7279761904761906 0.18993055555555557 0.05476190476190477 0.07847222222222222
6 0.5973214285714287 0.9291666666666667 0.0625 0.07222222222222223
6 0.730952380952381 0.5291666666666667 0.06666666666666668 0.10416666666666667
6 0.755357142857143 0.4444444444444445 0.06190476190476191 0.08472222222222223
6 0.7425595238095238 0.2885416666666667 0.06488095238095239 0.09236111111111112
6 0.6639880952380953 0.28368055555555555 0.06726190476190477 0.08958333333333333
