16 0.13988095238095238 0.1951388888888889 0.05238095238095239 0.0638888888888889
16 0.2854166666666667 0.18194444444444446 0.05297619047619048 0.05555555555555556
16 0.2898809523809524 0.2125 0.04404761904761905 0.05694444444444444
16 0.25773809523809527 0.24444444444444446 0.05714285714285715 0.061111111111111116
16 0.2702380952380953 0.284375 0.053571428571428575 0.06458333333333334
16 0.3080357142857143 0.2701388888888889 0.05178571428571429 0.061111111111111116
16 0.16339285714285715 0.23298611111111112 0.05535714285714286 0.06041666666666667
16 0.09880952380952382 0.2743055555555556 0.06071428571428572 0.059722222222222225
16 0.13571428571428573 0.28506944444444443 0.051190476190476196 0.043750000000000004
16 0.0636904761904762 0.4017361111111111 0.03333333333333334 0.05347222222222223
16 0.12351190476190477 0.47881944444444446 0.05178571428571429 0.06736111111111111
16 0.08482142857142858 0.47847222222222224 0.04702380952380953 0.05
16 0.07202380952380953 0.6451388888888889 0.055952380952380955 0.06944444444444445
16 0.2648809523809524 0.49895833333333334 0.05 0.07152777777777779
16 0.28154761904761905 0.5552083333333333 0.05476190476190477 0.07152777777777779
16 0.24434523809523812 0.5635416666666667 0.05773809523809524 0.07291666666666667
16 0.24702380952380953 0.6125 0.04404761904761905 0.06666666666666667
16 0.21398809523809526 0.646875 0.05773809523809524 0.07152777777777779
16 0.22023809523809526 0.7784722222222222 0.055952380952380955 0.07777777777777778
16 0.03511904761904762 0.7854166666666667 0.05476190476190477 0.0638888888888889
16 0.2761904761904762 0.929513888888889 0.06071428571428572 0.07152777777777779
16 0.25327380952380957 0.7288194444444445 0.05535714285714286 0.07569444444444445
16 0.25565476190476194 0.6930555555555555 0.0625 0.06527777777777778
16 0.21309523809523812 0.43854166666666666 0.05 0.06736111111111111
16 0.2565476190476191 0.41145833333333337 0.051190476190476196 0.06597222222222222
16 0.2767857142857143 0.38020833333333337 0.05 0.06597222222222222
16 0.2973214285714286 0.33958333333333335 0.04107142857142858 0.0638888888888889
29 0.13333333333333336 0.31909722222222225 0.04761904761904762 0.06736111111111111
29 0.09285714285714286 0.33090277777777777 0.06071428571428572 0.06736111111111111
29 0.09255952380952381 0.40868055555555555 0.056547619047619055 0.07430555555555556
29 0.04732142857142858 0.5079861111111111 0.056547619047619055 0.07708333333333334
29 0.08898809523809524 0.5270833333333333 0.04345238095238096 0.04722222222222222
29 0.08571428571428572 0.576388888888889 0.06309523809523811 0.07083333333333333
29 0.3392857142857143 0.9281250000000001 0.06071428571428572 0.07569444444444445
16 0.07023809523809524 0.7079861111111111 0.048809523809523817 0.07569444444444445
8 0.4017857142857143 0.9291666666666667 0.06190476190476191 0.0763888888888889
8 0.11041666666666668 0.7458333333333333 0.1017857142857143 0.10416666666666667
8 0.03511904761904762 0.6819444444444445 0.06547619047619048 0.08888888888888889
55 0.5970238095238096 0.9315972222222223 0.06785714285714287 0.07569444444444445
55 0.8434523809523811 0.6822916666666667 0.1 0.11180555555555556
55 0.9538690476190477 0.7489583333333334 0.06964285714285715 0.10625
55 0.8773809523809525 0.5069444444444444 0.07976190476190477 0.09444444444444444
55 0.9148809523809525 0.45833333333333337 0.09047619047619049 0.10277777777777779
55 0.8389880952380954 0.3888888888888889 0.09107142857142858 0.10416666666666667
54 0.7258928571428572 0.9288194444444445 0.0636904761904762 0.07152777777777779
54 0.8327380952380953 0.6180555555555556 0.08690476190476192 0.08055555555555556
54 0.8255952380952382 0.5388888888888889 0.08333333333333334 0.09861111111111112
54 0.8172619047619049 0.4684027777777778 0.08095238095238096 0.08541666666666667
54 0.8791666666666668 0.3993055555555556 0.07142857142857144 0.08472222222222223
54 0.8633928571428572 0.3038194444444445 0.10297619047619049 0.07847222222222222
54 0.7976190476190477 0.2607638888888889 0.09166666666666667 0.08402777777777778
54 0.7678571428571429 0.18506944444444445 0.09285714285714286 0.09097222222222223
50 0.6610119047619049 0.93125 0.058928571428571434 0.07361111111111111
50 0.817857142857143 0.7916666666666667 0.07261904761904762 0.05555555555555556
50 0.9333333333333335 0.7993055555555556 0.06547619047619048 0.04722222222222222
50 0.8080357142857144 0.7611111111111112 0.06845238095238096 0.04722222222222222
50 0.787202380952381 0.7190972222222223 0.06607142857142857 0.05625
50 0.7812500000000001 0.6274305555555556 0.056547619047619055 0.04513888888888889
50 0.7946428571428572 0.5284722222222222 0.055952380952380955 0.04583333333333334
50 0.786607142857143 0.4864583333333333 0.048214285714285716 0.03402777777777778
50 0.7791666666666668 0.425 0.05833333333333334 0.05416666666666667
50 0.7889880952380953 0.38680555555555557 0.0636904761904762 0.04583333333333334
50 0.7744047619047619 0.32083333333333336 0.05952380952380953 0.04027777777777778
50 0.7690476190476191 0.30069444444444443 0.06071428571428572 0.03888888888888889
50 0.7809523809523811 0.22777777777777777 0.05833333333333334 0.04166666666666667
50 0.8824404761904763 0.31631944444444443 0.03869047619047619 0.03402777777777778
50 0.8252976190476191 0.2951388888888889 0.026785714285714288 0.029166666666666667
