41 0.24315476190476193 0.5864583333333333 0.1017857142857143 0.12708333333333333
41 0.27142857142857146 0.2809027777777778 0.09761904761904763 0.12847222222222224
41 0.3023809523809524 0.22847222222222224 0.08571428571428572 0.10555555555555556
41 0.2342261904761905 0.7444444444444445 0.10892857142857144 0.13055555555555556
41 0.4 0.9309027777777779 0.06666666666666668 0.07847222222222222
38 0.3386904761904762 0.9302083333333334 0.06071428571428572 0.08125
38 0.19970238095238096 0.25972222222222224 0.0755952380952381 0.09027777777777778
38 0.16875 0.42083333333333334 0.07202380952380953 0.09861111111111112
38 0.15029761904761907 0.6097222222222223 0.0755952380952381 0.10277777777777779
54 0.5943452380952382 0.9284722222222223 0.06726190476190477 0.0763888888888889
54 0.9077380952380953 0.7798611111111111 0.12023809523809526 0.11944444444444445
54 0.8110119047619049 0.6347222222222223 0.10416666666666667 0.10277777777777779
54 0.8357142857142857 0.6010416666666667 0.1 0.08680555555555555
54 0.8544642857142858 0.5305555555555556 0.10535714285714287 0.08750000000000001
54 0.793452380952381 0.5263888888888889 0.08690476190476192 0.08888888888888889
54 0.8488095238095239 0.47118055555555555 0.08571428571428572 0.08541666666666667
54 0.8363095238095238 0.3576388888888889 0.1011904761904762 0.09444444444444444
54 0.8032738095238096 0.3 0.07797619047619048 0.07361111111111111
54 0.7895833333333334 0.2423611111111111 0.09940476190476191 0.08333333333333334
24 0.8068452380952381 0.1840277777777778 0.08273809523809525 0.08333333333333334
24 0.8735119047619049 0.32743055555555556 0.056547619047619055 0.08125
24 0.9017857142857144 0.5059027777777778 0.055952380952380955 0.09236111111111112
24 0.7815476190476192 0.46631944444444445 0.07023809523809524 0.08541666666666667
24 0.8892857142857143 0.6520833333333333 0.05833333333333334 0.1
24 0.8452380952380953 0.6965277777777779 0.07500000000000001 0.09722222222222222
24 0.7252976190476191 0.9298611111111111 0.06607142857142857 0.07222222222222223
53 0.6607142857142858 0.9309027777777779 0.06190476190476191 0.07152777777777779
53 0.7970238095238096 0.74375 0.08214285714285716 0.09305555555555556
53 0.7547619047619049 0.3076388888888889 0.06547619047619048 0.058333333333333334
53 0.7562500000000001 0.3496527777777778 0.0636904761904762 0.07847222222222222
53 0.7500000000000001 0.2013888888888889 0.06190476190476191 0.06527777777777778
53 0.7577380952380953 0.2569444444444445 0.05833333333333334 0.04722222222222222
