42 0.22767857142857145 0.209375 0.06845238095238096 0.08263888888888889
42 0.22470238095238096 0.26805555555555555 0.0625 0.09861111111111112
42 0.15386904761904763 0.5163194444444444 0.08035714285714286 0.12708333333333333
42 0.20029761904761906 0.5697916666666667 0.07797619047619048 0.1076388888888889
42 0.22529761904761908 0.5930555555555556 0.07440476190476192 0.11944444444444445
42 0.14285714285714288 0.7114583333333334 0.07976190476190477 0.12152777777777778
42 0.33839285714285716 0.9298611111111111 0.0625 0.06944444444444445
15 0.40029761904761907 0.9298611111111111 0.0625 0.075
15 0.2223214285714286 0.45 0.0755952380952381 0.1277777777777778
15 0.24285714285714288 0.315625 0.0642857142857143 0.12152777777777778
15 0.24434523809523812 0.21979166666666666 0.0505952380952381 0.07847222222222222
15 0.1761904761904762 0.5357638888888889 0.06904761904761905 0.12847222222222224
16 0.6979166666666667 0.23472222222222222 0.0505952380952381 0.0638888888888889
16 0.8172619047619049 0.21631944444444445 0.053571428571428575 0.06180555555555556
16 0.8377976190476191 0.25972222222222224 0.04345238095238096 0.061111111111111116
16 0.8633928571428572 0.2534722222222222 0.04940476190476191 0.0638888888888889
16 0.7443452380952381 0.2517361111111111 0.05178571428571429 0.06041666666666667
16 0.7389880952380953 0.2670138888888889 0.05297619047619048 0.05486111111111111
16 0.7410714285714286 0.2972222222222222 0.04047619047619048 0.061111111111111116
16 0.7702380952380953 0.32222222222222224 0.055952380952380955 0.0638888888888889
16 0.7196428571428573 0.34479166666666666 0.04404761904761905 0.06597222222222222
16 0.7318452380952382 0.36319444444444443 0.04702380952380953 0.0625
16 0.7616071428571429 0.38333333333333336 0.0505952380952381 0.06527777777777778
16 0.724702380952381 0.4131944444444445 0.05416666666666667 0.061111111111111116
16 0.7696428571428572 0.47395833333333337 0.05714285714285715 0.06597222222222222
16 0.861904761904762 0.4121527777777778 0.04285714285714286 0.05763888888888889
16 0.8988095238095238 0.40972222222222227 0.05952380952380953 0.061111111111111116
16 0.8723214285714287 0.33784722222222224 0.04583333333333334 0.04652777777777778
16 0.8583333333333334 0.32430555555555557 0.048809523809523817 0.058333333333333334
16 0.862202380952381 0.5579861111111112 0.056547619047619055 0.06319444444444444
16 0.7261904761904763 0.5267361111111112 0.05833333333333334 0.06875
16 0.7625000000000001 0.5722222222222223 0.05476190476190477 0.0625
16 0.7711309523809524 0.6097222222222223 0.056547619047619055 0.07361111111111111
16 0.8267857142857143 0.6815972222222223 0.05714285714285715 0.07013888888888889
16 0.7907738095238096 0.6805555555555556 0.0636904761904762 0.0625
16 0.7851190476190477 0.7152777777777778 0.06190476190476191 0.07777777777777778
16 0.8226190476190477 0.7468750000000001 0.06309523809523811 0.07291666666666667
16 0.8949404761904762 0.7850694444444445 0.0636904761904762 0.06875
16 0.6613095238095239 0.9291666666666667 0.06190476190476191 0.07222222222222223
19 0.5988095238095239 0.9277777777777778 0.06190476190476191 0.07083333333333333
19 0.9589285714285715 0.7725694444444444 0.06071428571428572 0.09375
19 0.9645833333333335 0.6965277777777779 0.05535714285714286 0.06527777777777778
19 0.8398809523809525 0.6239583333333334 0.07142857142857144 0.09930555555555556
19 0.9208333333333334 0.5965277777777778 0.06309523809523811 0.09166666666666667
19 0.974404761904762 0.5565972222222223 0.05 0.07152777777777779
19 0.9235119047619048 0.5381944444444444 0.05416666666666667 0.075
19 0.880952380952381 0.3579861111111111 0.051190476190476196 0.06597222222222222
19 0.8818452380952382 0.21284722222222224 0.05297619047619048 0.08263888888888889
