54 0.8568452380952382 0.59375 0.10535714285714287 0.10555555555555556
54 0.8154761904761906 0.6982638888888889 0.09404761904761906 0.09930555555555556
54 0.817857142857143 0.7399305555555555 0.08214285714285716 0.09930555555555556
54 0.8979166666666667 0.753125 0.1005952380952381 0.09791666666666667
54 0.8104166666666668 0.39166666666666666 0.1136904761904762 0.08611111111111111
54 0.8074404761904762 0.3350694444444445 0.10535714285714287 0.08402777777777778
54 0.7726190476190476 0.28645833333333337 0.09642857142857143 0.06736111111111111
54 0.8095238095238096 0.19791666666666669 0.10833333333333334 0.10277777777777779
54 0.5976190476190477 0.9340277777777778 0.07261904761904762 0.08055555555555556
10 0.40029761904761907 0.9319444444444445 0.07083333333333335 0.0763888888888889
10 0.15714285714285717 0.6770833333333334 0.05833333333333334 0.12222222222222223
10 0.13839285714285715 0.6260416666666667 0.058928571428571434 0.10486111111111111
10 0.15952380952380954 0.5465277777777778 0.06190476190476191 0.11111111111111112
10 0.22291666666666668 0.3041666666666667 0.05178571428571429 0.10416666666666667
10 0.2068452380952381 0.21875 0.05416666666666667 0.09444444444444444
