55 0.40148809523809526 0.9309027777777779 0.06011904761904763 0.07430555555555556
55 0.27589285714285716 0.22465277777777778 0.08750000000000001 0.09791666666666667
55 0.2839285714285715 0.26805555555555555 0.08452380952380953 0.09166666666666667
55 0.21130952380952384 0.42673611111111115 0.09404761904761906 0.10208333333333333
55 0.22142857142857145 0.4625 0.09285714285714286 0.09027777777777778
55 0.2029761904761905 0.5315972222222223 0.09047619047619049 0.10902777777777778
55 0.20476190476190478 0.5506944444444445 0.07380952380952381 0.09583333333333334
55 0.2336309523809524 0.5732638888888889 0.0886904761904762 0.10069444444444445
44 0.599107142857143 0.9302083333333334 0.06845238095238096 0.07569444444444445
44 0.8026785714285715 0.7413194444444444 0.07083333333333335 0.09236111111111112
44 0.8613095238095239 0.7635416666666667 0.06785714285714287 0.08680555555555555
44 0.8437500000000001 0.6843750000000001 0.058928571428571434 0.08263888888888889
44 0.8098214285714287 0.6420138888888889 0.056547619047619055 0.08125
44 0.8625 0.6225694444444445 0.05833333333333334 0.08125
44 0.8130952380952382 0.5878472222222223 0.053571428571428575 0.06597222222222222
44 0.8505952380952382 0.5559027777777777 0.05833333333333334 0.08125
44 0.8145833333333334 0.5170138888888889 0.058928571428571434 0.07986111111111112
44 0.7678571428571429 0.5309027777777778 0.05476190476190477 0.08402777777777778
44 0.8101190476190477 0.4236111111111111 0.06071428571428572 0.07916666666666666
44 0.799702380952381 0.3472222222222222 0.05297619047619048 0.0763888888888889
44 0.7601190476190477 0.34618055555555555 0.05476190476190477 0.07152777777777779
44 0.7752976190476191 0.30104166666666665 0.048214285714285716 0.04791666666666667
44 0.793154761904762 0.2652777777777778 0.05178571428571429 0.07777777777777778
44 0.749404761904762 0.2732638888888889 0.04761904761904762 0.07569444444444445
44 0.7223214285714287 0.22708333333333333 0.05535714285714286 0.075
44 0.7583333333333334 0.20173611111111112 0.055952380952380955 0.07708333333333334
