1 0.2767857142857143 0.9281250000000001 0.0642857142857143 0.07986111111111112
16 0.3410714285714286 0.9291666666666667 0.06904761904761905 0.08194444444444444
16 0.08541666666666667 0.5052083333333334 0.056547619047619055 0.07569444444444445
16 0.10625000000000001 0.5291666666666667 0.05178571428571429 0.075
16 0.08392857142857144 0.5899305555555556 0.045238095238095244 0.07152777777777779
16 0.05 0.6402777777777778 0.048809523809523817 0.07083333333333333
16 0.09464285714285715 0.6881944444444444 0.05714285714285715 0.059722222222222225
16 0.2011904761904762 0.69375 0.05952380952380953 0.07083333333333333
16 0.26815476190476195 0.7177083333333334 0.05297619047619048 0.08402777777777778
16 0.19642857142857145 0.6600694444444445 0.06190476190476191 0.06319444444444444
16 0.22589285714285717 0.6364583333333333 0.04702380952380953 0.07569444444444445
16 0.2086309523809524 0.5961805555555556 0.05416666666666667 0.07708333333333334
16 0.24761904761904763 0.5454861111111111 0.048809523809523817 0.06597222222222222
16 0.27202380952380956 0.5225694444444444 0.045238095238095244 0.06736111111111111
16 0.2410714285714286 0.4965277777777778 0.048809523809523817 0.0638888888888889
16 0.20029761904761906 0.48888888888888893 0.05178571428571429 0.07361111111111111
16 0.25178571428571433 0.40902777777777777 0.04285714285714286 0.061111111111111116
16 0.23214285714285715 0.3892361111111111 0.05476190476190477 0.06875
16 0.28511904761904766 0.31145833333333334 0.05 0.06458333333333334
16 0.2410714285714286 0.3104166666666667 0.045238095238095244 0.059722222222222225
16 0.23690476190476192 0.28784722222222225 0.05 0.05763888888888889
16 0.26696428571428577 0.26875 0.04107142857142858 0.059722222222222225
16 0.24136904761904765 0.21631944444444445 0.04583333333333334 0.05625
16 0.3160714285714286 0.20972222222222223 0.04285714285714286 0.058333333333333334
16 0.1086309523809524 0.19930555555555557 0.04702380952380953 0.059722222222222225
16 0.1386904761904762 0.215625 0.04166666666666667 0.050694444444444445
16 0.12321428571428572 0.23993055555555556 0.04285714285714286 0.05486111111111111
16 0.12261904761904763 0.2729166666666667 0.04404761904761905 0.05555555555555556
16 0.0886904761904762 0.4256944444444445 0.03571428571428572 0.036111111111111115
29 0.10833333333333334 0.425 0.05714285714285715 0.07222222222222223
29 0.0886904761904762 0.7361111111111112 0.06071428571428572 0.08611111111111111
29 0.4005952380952381 0.9336805555555556 0.05833333333333334 0.07569444444444445
29 0.09880952380952382 0.31736111111111115 0.04761904761904762 0.07083333333333333
27 0.724107142857143 0.9315972222222223 0.06845238095238096 0.06875
27 0.8345238095238096 0.69375 0.06309523809523811 0.10555555555555556
27 0.7943452380952382 0.6173611111111111 0.07321428571428572 0.09444444444444444
27 0.8023809523809524 0.4517361111111111 0.0642857142857143 0.09375
27 0.8461309523809525 0.4847222222222222 0.05773809523809524 0.09722222222222222
27 0.8958333333333334 0.3888888888888889 0.05952380952380953 0.08888888888888889
27 0.8002976190476191 0.3635416666666667 0.05297619047619048 0.08958333333333333
27 0.7812500000000001 0.3336805555555556 0.061309523809523814 0.07986111111111112
30 0.7291666666666667 0.21006944444444445 0.048809523809523817 0.07986111111111112
30 0.7690476190476191 0.19895833333333335 0.051190476190476196 0.07569444444444445
30 0.8526785714285715 0.19444444444444445 0.056547619047619055 0.07361111111111111
30 0.8964285714285715 0.22708333333333333 0.05238095238095239 0.07361111111111111
30 0.818154761904762 0.2986111111111111 0.04702380952380953 0.0763888888888889
30 0.8562500000000001 0.30104166666666665 0.04345238095238096 0.08263888888888889
30 0.8970238095238096 0.5045138888888889 0.03333333333333334 0.08541666666666667
30 0.7535714285714287 0.5114583333333333 0.05833333333333334 0.08958333333333333
30 0.8449404761904763 0.6170138888888889 0.04345238095238096 0.06041666666666667
30 0.5964285714285715 0.9291666666666667 0.06190476190476191 0.07361111111111111
48 0.6607142857142858 0.9284722222222223 0.05833333333333334 0.07222222222222223
48 0.8755952380952382 0.7746527777777779 0.08095238095238096 0.08680555555555555
48 0.8157738095238096 0.5579861111111112 0.056547619047619055 0.06180555555555556
48 0.8288690476190477 0.3840277777777778 0.07202380952380953 0.08055555555555556
48 0.7523809523809525 0.25520833333333337 0.0642857142857143 0.07291666666666667
48 0.8154761904761906 0.26493055555555556 0.07380952380952381 0.06736111111111111
