31 0.8729166666666668 0.4378472222222222 0.07916666666666668 0.06875
31 0.9074404761904763 0.6034722222222223 0.06964285714285715 0.07222222222222223
31 0.8130952380952382 0.3767361111111111 0.05833333333333334 0.07430555555555556
31 0.8824404761904763 0.7555555555555555 0.07321428571428572 0.09027777777777778
31 0.7589285714285715 0.19652777777777777 0.07142857142857144 0.07222222222222223
31 0.7470238095238096 0.28125 0.05714285714285715 0.07777777777777778
5 0.1967261904761905 0.23680555555555557 0.061309523809523814 0.07222222222222223
5 0.18392857142857144 0.30104166666666665 0.05238095238095239 0.05625
5 0.22916666666666669 0.31319444444444444 0.06190476190476191 0.06527777777777778
5 0.2080357142857143 0.6246527777777778 0.07321428571428572 0.08125
5 0.3386904761904762 0.9302083333333334 0.06071428571428572 0.07291666666666667
5 0.1961309523809524 0.3472222222222222 0.06726190476190477 0.06666666666666667
5 0.15386904761904763 0.5090277777777777 0.06964285714285715 0.07916666666666666
5 0.10535714285714287 0.7586805555555556 0.07261904761904762 0.09236111111111112
5 0.23779761904761906 0.20659722222222224 0.06011904761904763 0.07291666666666667
5 0.06875 0.6038194444444445 0.07321428571428572 0.08541666666666667
5 0.08125 0.4934027777777778 0.06964285714285715 0.08263888888888889
5 0.18154761904761907 0.4746527777777778 0.06785714285714287 0.07708333333333334
5 0.1517857142857143 0.6135416666666667 0.06904761904761905 0.09375
26 0.24702380952380953 0.4326388888888889 0.05833333333333334 0.06805555555555556
26 0.20773809523809525 0.44583333333333336 0.051190476190476196 0.061111111111111116
26 0.1005952380952381 0.4118055555555556 0.06071428571428572 0.0638888888888889
26 0.1973214285714286 0.6975694444444445 0.061309523809523814 0.06180555555555556
26 0.2005952380952381 0.7413194444444444 0.0761904761904762 0.07430555555555556
26 0.1648809523809524 0.7944444444444445 0.07023809523809524 0.07361111111111111
26 0.18273809523809526 0.5604166666666667 0.06785714285714287 0.0638888888888889
26 0.2705357142857143 0.26145833333333335 0.05535714285714286 0.06736111111111111
26 0.22619047619047622 0.2743055555555556 0.05238095238095239 0.051388888888888894
26 0.40416666666666673 0.9305555555555556 0.05952380952380953 0.08888888888888889
31 0.5973214285714287 0.9309027777777779 0.0636904761904762 0.07569444444444445
31 0.8154761904761906 0.6621527777777778 0.08095238095238096 0.10347222222222223
31 0.8529761904761906 0.709375 0.06547619047619048 0.07569444444444445
31 0.949702380952381 0.7447916666666667 0.08392857142857144 0.07430555555555556
31 0.9595238095238096 0.8034722222222223 0.07976190476190477 0.07916666666666666
31 0.8002976190476191 0.5756944444444445 0.09821428571428573 0.09583333333333334
31 0.8863095238095239 0.39166666666666666 0.08452380952380953 0.08888888888888889
31 0.843154761904762 0.2954861111111111 0.07321428571428572 0.10069444444444445
31 0.8875000000000001 0.309375 0.08452380952380953 0.08263888888888889
25 0.8151785714285715 0.22013888888888888 0.05416666666666667 0.06666666666666667
25 0.8160714285714287 0.2576388888888889 0.05833333333333334 0.07222222222222223
25 0.8839285714285715 0.20034722222222223 0.08333333333333334 0.07708333333333334
25 0.7961309523809524 0.3357638888888889 0.06011904761904763 0.09375
25 0.8008928571428572 0.42708333333333337 0.07202380952380953 0.07916666666666666
25 0.8217261904761906 0.46597222222222223 0.05773809523809524 0.0763888888888889
25 0.8187500000000001 0.5197916666666667 0.05773809523809524 0.07152777777777779
25 0.8776785714285715 0.5385416666666667 0.056547619047619055 0.06875
25 0.9419642857142858 0.5437500000000001 0.05297619047619048 0.08888888888888889
25 0.8750000000000001 0.6097222222222223 0.07023809523809524 0.10833333333333334
25 0.8285714285714286 0.7611111111111112 0.06309523809523811 0.12083333333333333
25 0.6604166666666668 0.9274305555555555 0.06488095238095239 0.08541666666666667
