41 0.7389880952380953 0.7628472222222222 0.10654761904761906 0.13402777777777777
41 0.743452380952381 0.5079861111111111 0.09047619047619049 0.12986111111111112
41 0.7723214285714286 0.5434027777777778 0.09226190476190477 0.11736111111111111
41 0.7863095238095239 0.6604166666666667 0.09761904761904763 0.1277777777777778
41 0.5982142857142858 0.9302083333333334 0.07261904761904762 0.08125
35 0.6645833333333334 0.9291666666666667 0.05773809523809524 0.075
35 0.7431547619047619 0.16909722222222223 0.04940476190476191 0.14097222222222222
35 0.8041666666666667 0.2371527777777778 0.055952380952380955 0.14652777777777778
35 0.8041666666666667 0.37256944444444445 0.055952380952380955 0.15486111111111112
39 0.7535714285714287 0.30347222222222225 0.045238095238095244 0.08194444444444444
39 0.7550595238095239 0.23958333333333334 0.05416666666666667 0.0763888888888889
39 0.8136904761904763 0.48541666666666666 0.055952380952380955 0.09027777777777778
39 0.80625 0.628125 0.04702380952380953 0.08958333333333333
39 0.7235119047619049 0.9291666666666667 0.058928571428571434 0.07916666666666666
44 0.4005952380952381 0.9277777777777778 0.06309523809523811 0.075
44 0.15952380952380954 0.22395833333333334 0.053571428571428575 0.07013888888888889
44 0.15773809523809526 0.2829861111111111 0.04761904761904762 0.07847222222222222
44 0.27827380952380953 0.2673611111111111 0.04583333333333334 0.0763888888888889
44 0.2886904761904762 0.225 0.05238095238095239 0.07222222222222223
44 0.19851190476190478 0.3121527777777778 0.05535714285714286 0.07569444444444445
44 0.24196428571428574 0.35694444444444445 0.05773809523809524 0.08194444444444444
44 0.23154761904761906 0.42118055555555556 0.048809523809523817 0.07291666666666667
44 0.2505952380952381 0.46458333333333335 0.05238095238095239 0.08750000000000001
44 0.1824404761904762 0.44548611111111114 0.05773809523809524 0.08125
44 0.2011904761904762 0.5041666666666667 0.04642857142857143 0.09444444444444444
44 0.22976190476190478 0.5996527777777778 0.05714285714285715 0.08958333333333333
44 0.13303571428571428 0.7694444444444445 0.0625 0.10138888888888889
15 0.3375 0.9302083333333334 0.06190476190476191 0.07430555555555556
15 0.17827380952380953 0.6628472222222223 0.06726190476190477 0.1423611111111111
15 0.16041666666666668 0.5986111111111111 0.07440476190476192 0.13611111111111113
15 0.19791666666666669 0.24444444444444446 0.05773809523809524 0.11527777777777778
15 0.23452380952380955 0.1701388888888889 0.06666666666666668 0.11388888888888889
33 0.22827380952380955 0.29409722222222223 0.04702380952380953 0.09791666666666667
33 0.2104166666666667 0.5215277777777778 0.09107142857142858 0.09444444444444444
33 0.07113095238095239 0.5899305555555556 0.1017857142857143 0.10208333333333333
33 0.16279761904761905 0.7642361111111111 0.10892857142857144 0.10208333333333333
33 0.15773809523809526 0.7107638888888889 0.09880952380952382 0.09097222222222223
33 0.27529761904761907 0.9291666666666667 0.0625 0.075
