7 0.8273809523809524 0.328125 0.10833333333333334 0.12430555555555556
7 0.599404761904762 0.9274305555555555 0.06071428571428572 0.07430555555555556
49 0.40148809523809526 0.9298611111111111 0.06011904761904763 0.0763888888888889
49 0.2354166666666667 0.21736111111111112 0.08154761904761905 0.125
49 0.18839285714285717 0.25625000000000003 0.09464285714285715 0.13055555555555556
49 0.20535714285714288 0.321875 0.09047619047619049 0.11180555555555556
49 0.19136904761904763 0.41145833333333337 0.09702380952380953 0.1326388888888889
49 0.23839285714285716 0.4461805555555556 0.0886904761904762 0.12708333333333333
49 0.17410714285714288 0.5447916666666667 0.09702380952380953 0.1076388888888889
49 0.1892857142857143 0.6201388888888889 0.11190476190476191 0.10138888888888889
49 0.19642857142857145 0.6739583333333333 0.11309523809523811 0.1451388888888889
