38 0.08541666666666667 0.7006944444444445 0.07916666666666668 0.11388888888888889
38 0.12142857142857144 0.7260416666666667 0.07261904761904762 0.11736111111111111
38 0.4011904761904762 0.9302083333333334 0.06547619047619048 0.07708333333333334
32 0.5964285714285715 0.9322916666666667 0.07023809523809524 0.08125
32 0.8270833333333334 0.7569444444444444 0.12440476190476192 0.10972222222222222
32 0.7702380952380953 0.6204861111111112 0.09761904761904763 0.09236111111111112
32 0.8360119047619048 0.5954861111111112 0.08630952380952382 0.07986111111111112
32 0.8032738095238096 0.5465277777777778 0.11011904761904763 0.0763888888888889
32 0.8023809523809524 0.49895833333333334 0.11071428571428572 0.07986111111111112
32 0.7916666666666667 0.46284722222222224 0.11071428571428572 0.06875
32 0.7580357142857144 0.39340277777777777 0.1005952380952381 0.08263888888888889
32 0.7943452380952382 0.3579861111111111 0.10535714285714287 0.08263888888888889
32 0.7252976190476191 0.26875 0.09702380952380953 0.07777777777777778
32 0.7791666666666668 0.25069444444444444 0.07500000000000001 0.08194444444444444
