48 0.40029761904761907 0.9302083333333334 0.06726190476190477 0.08125
48 0.2657738095238095 0.2059027777777778 0.08035714285714286 0.08680555555555555
48 0.20892857142857144 0.34618055555555555 0.08214285714285716 0.08263888888888889
48 0.20565476190476192 0.4059027777777778 0.0886904761904762 0.09236111111111112
48 0.18601190476190477 0.5725694444444445 0.08511904761904762 0.10208333333333333
48 0.1556547619047619 0.7319444444444445 0.10416666666666667 0.10138888888888889
31 0.7797619047619049 0.5454861111111111 0.08571428571428572 0.08958333333333333
31 0.780654761904762 0.28611111111111115 0.08630952380952382 0.08194444444444444
31 0.7919642857142858 0.18958333333333335 0.08392857142857144 0.08472222222222223
31 0.8229166666666667 0.3579861111111111 0.09821428571428573 0.08402777777777778
31 0.8264880952380953 0.4291666666666667 0.09345238095238097 0.08750000000000001
31 0.8223214285714286 0.5902777777777778 0.10535714285714287 0.09583333333333334
31 0.7922619047619048 0.7347222222222223 0.08452380952380953 0.1
31 0.8630952380952381 0.6763888888888889 0.1 0.08472222222222223
31 0.8845238095238096 0.7756944444444445 0.12023809523809526 0.09444444444444444
31 0.8482142857142858 0.7197916666666667 0.10595238095238096 0.09375
31 0.7922619047619048 0.6315972222222223 0.10595238095238096 0.08958333333333333
31 0.5967261904761906 0.929513888888889 0.0636904761904762 0.07847222222222222
