49 0.40148809523809526 0.9315972222222223 0.0625 0.06736111111111111
49 0.21398809523809526 0.19236111111111112 0.0886904761904762 0.12083333333333333
49 0.2642857142857143 0.21145833333333333 0.08452380952380953 0.10902777777777778
49 0.18601190476190477 0.3947916666666667 0.09821428571428573 0.09236111111111112
49 0.17113095238095238 0.4479166666666667 0.09583333333333334 0.08055555555555556
49 0.1767857142857143 0.4951388888888889 0.10714285714285715 0.09444444444444444
49 0.20922619047619048 0.5336805555555556 0.1017857142857143 0.09097222222222223
49 0.2244047619047619 0.5777777777777778 0.10357142857142858 0.125
49 0.16785714285714287 0.7055555555555556 0.0761904761904762 0.11527777777777778
49 0.20773809523809525 0.7322916666666667 0.09047619047619049 0.13402777777777777
49 0.11696428571428573 0.763888888888889 0.1017857142857143 0.13194444444444445
54 0.6005952380952382 0.9322916666666667 0.06547619047619048 0.07708333333333334
54 0.8550595238095239 0.7559027777777778 0.13035714285714287 0.11875000000000001
54 0.8773809523809525 0.6472222222222223 0.12023809523809526 0.11388888888888889
54 0.8604166666666667 0.5541666666666667 0.12440476190476192 0.11527777777777778
54 0.8333333333333334 0.49756944444444445 0.0880952380952381 0.09791666666666667
54 0.7854166666666668 0.4840277777777778 0.0636904761904762 0.08333333333333334
54 0.7702380952380953 0.4666666666666667 0.06190476190476191 0.07083333333333333
54 0.8196428571428572 0.42256944444444444 0.10476190476190478 0.10208333333333333
54 0.7925595238095239 0.3336805555555556 0.1136904761904762 0.07708333333333334
54 0.7898809523809525 0.2795138888888889 0.10476190476190478 0.0951388888888889
