26 0.780654761904762 0.7659722222222223 0.07083333333333335 0.07777777777777778
26 0.8357142857142857 0.7635416666666667 0.06309523809523811 0.07708333333333334
26 0.6002976190476191 0.9291666666666667 0.06607142857142857 0.07916666666666666
26 0.8258928571428572 0.6760416666666667 0.06607142857142857 0.07847222222222222
26 0.8282738095238096 0.5989583333333334 0.0636904761904762 0.06319444444444444
26 0.7854166666666668 0.6336805555555556 0.07083333333333335 0.07569444444444445
26 0.7479166666666668 0.5402777777777777 0.06726190476190477 0.06944444444444445
26 0.768154761904762 0.4861111111111111 0.06607142857142857 0.07083333333333333
26 0.7544642857142858 0.38784722222222223 0.06011904761904763 0.06736111111111111
26 0.7848214285714287 0.35034722222222225 0.06607142857142857 0.06458333333333334
26 0.7500000000000001 0.2965277777777778 0.05238095238095239 0.05694444444444444
26 0.7413690476190476 0.2611111111111111 0.05773809523809524 0.059722222222222225
26 0.7836309523809525 0.2520833333333333 0.05416666666666667 0.06527777777777778
26 0.7970238095238096 0.2902777777777778 0.05714285714285715 0.06666666666666667
39 0.1836309523809524 0.5131944444444445 0.06488095238095239 0.09027777777777778
39 0.2511904761904762 0.4777777777777778 0.07023809523809524 0.09027777777777778
39 0.19017857142857145 0.628125 0.061309523809523814 0.09375
39 0.2410714285714286 0.6423611111111112 0.051190476190476196 0.08750000000000001
39 0.40267857142857144 0.9309027777777779 0.0625 0.07847222222222222
