49 0.40148809523809526 0.9239583333333333 0.06607142857142857 0.08263888888888889
49 0.19523809523809527 0.29305555555555557 0.08333333333333334 0.12638888888888888
49 0.2535714285714286 0.29756944444444444 0.06547619047619048 0.10208333333333333
49 0.19880952380952382 0.4017361111111111 0.09523809523809525 0.12847222222222224
49 0.22470238095238096 0.4197916666666667 0.09702380952380953 0.11875000000000001
49 0.12172619047619049 0.7138888888888889 0.1017857142857143 0.13611111111111113
49 0.13898809523809524 0.7541666666666667 0.09702380952380953 0.14027777777777778
47 0.33779761904761907 0.9270833333333334 0.06726190476190477 0.08194444444444444
47 0.27261904761904765 0.3572916666666667 0.08095238095238096 0.08958333333333333
47 0.2547619047619048 0.22187500000000002 0.06547619047619048 0.08541666666666667
47 0.2279761904761905 0.5472222222222223 0.07500000000000001 0.1125
47 0.19642857142857145 0.5822916666666667 0.08690476190476192 0.11736111111111111
15 0.5982142857142858 0.9329861111111112 0.07023809523809524 0.08263888888888889
15 0.7651785714285715 0.6138888888888889 0.08511904761904762 0.13055555555555556
15 0.7988095238095239 0.6555555555555556 0.07738095238095238 0.12361111111111112
15 0.8023809523809524 0.7229166666666667 0.07380952380952381 0.14305555555555557
15 0.799702380952381 0.3611111111111111 0.06964285714285715 0.13194444444444445
15 0.7467261904761906 0.30486111111111114 0.058928571428571434 0.13472222222222222
