9 0.6002976190476191 0.9315972222222223 0.0625 0.07291666666666667
9 0.8029761904761905 0.4621527777777778 0.12261904761904763 0.13402777777777777
9 0.7982142857142858 0.24965277777777778 0.11190476190476191 0.10208333333333333
9 0.8416666666666668 0.6690972222222222 0.12976190476190477 0.14652777777777778
41 0.6630952380952382 0.9315972222222223 0.06309523809523811 0.07847222222222222
41 0.7511904761904763 0.5555555555555556 0.09047619047619049 0.10555555555555556
41 0.818452380952381 0.5048611111111111 0.08333333333333334 0.125
41 0.7395833333333334 0.6746527777777778 0.09702380952380953 0.12708333333333333
41 0.7357142857142858 0.2670138888888889 0.08571428571428572 0.10486111111111111
34 0.7982142857142858 0.171875 0.06547619047619048 0.04652777777777778
34 0.7791666666666668 0.19409722222222223 0.030952380952380953 0.03680555555555556
34 0.8113095238095239 0.31527777777777777 0.08571428571428572 0.07916666666666666
34 0.8375 0.3527777777777778 0.07976190476190477 0.0763888888888889
34 0.8645833333333334 0.45555555555555555 0.08035714285714286 0.075
34 0.8747023809523811 0.5569444444444445 0.08035714285714286 0.09027777777777778
34 0.918154761904762 0.5815972222222222 0.06964285714285715 0.08680555555555555
34 0.8172619047619049 0.6197916666666667 0.04761904761904762 0.052083333333333336
34 0.724702380952381 0.93125 0.05773809523809524 0.07777777777777778
39 0.26517857142857143 0.19930555555555557 0.058928571428571434 0.06944444444444445
39 0.18601190476190477 0.3055555555555556 0.042261904761904764 0.08333333333333334
39 0.2285714285714286 0.34479166666666666 0.04285714285714286 0.07986111111111112
39 0.21577380952380953 0.46979166666666666 0.05297619047619048 0.08125
39 0.27767857142857144 0.9319444444444445 0.0625 0.07222222222222223
37 0.34077380952380953 0.9319444444444445 0.0625 0.0763888888888889
37 0.21577380952380953 0.5524305555555555 0.09940476190476191 0.10347222222222223
40 0.13154761904761905 0.6961805555555556 0.11904761904761905 0.12708333333333333
40 0.4029761904761905 0.9288194444444445 0.06190476190476191 0.07847222222222222
40 0.23601190476190478 0.26944444444444443 0.09345238095238097 0.09027777777777778
