22 0.18482142857142858 0.5534722222222223 0.06964285714285715 0.10833333333333334
22 0.18779761904761907 0.32395833333333335 0.07202380952380953 0.08402777777777778
22 0.2029761904761905 0.6840277777777778 0.0880952380952381 0.10277777777777779
22 0.33779761904761907 0.9298611111111111 0.06011904761904763 0.07222222222222223
22 0.2455357142857143 0.33472222222222225 0.08035714285714286 0.08750000000000001
22 0.17500000000000002 0.3836805555555556 0.0761904761904762 0.08125
22 0.1517857142857143 0.45555555555555555 0.06785714285714287 0.10555555555555556
22 0.20535714285714288 0.45 0.06547619047619048 0.11666666666666667
14 0.7949404761904763 0.240625 0.07083333333333335 0.10486111111111111
14 0.8223214285714286 0.28229166666666666 0.05535714285714286 0.07291666666666667
14 0.8526785714285715 0.3961805555555556 0.08630952380952382 0.12291666666666667
14 0.8255952380952382 0.6121527777777778 0.07023809523809524 0.12430555555555556
14 0.862202380952381 0.59375 0.0636904761904762 0.10694444444444445
14 0.8473214285714287 0.721875 0.08035714285714286 0.11736111111111111
14 0.8425595238095239 0.7645833333333334 0.10654761904761906 0.13194444444444445
14 0.599404761904762 0.9309027777777779 0.06309523809523811 0.07708333333333334
18 0.662202380952381 0.929513888888889 0.0625 0.07708333333333334
18 0.8023809523809524 0.5045138888888889 0.06785714285714287 0.09652777777777778
18 0.8595238095238096 0.5402777777777777 0.07261904761904762 0.08333333333333334
18 0.8595238095238096 0.6409722222222223 0.06071428571428572 0.11111111111111112
18 0.7785714285714287 0.3697916666666667 0.07857142857142858 0.09791666666666667
18 0.811904761904762 0.32743055555555556 0.06785714285714287 0.07430555555555556
18 0.7883928571428572 0.29444444444444445 0.0625 0.08055555555555556
13 0.17648809523809525 0.25833333333333336 0.06011904761904763 0.09166666666666667
13 0.22827380952380955 0.22743055555555555 0.0886904761904762 0.07291666666666667
13 0.22142857142857145 0.26805555555555555 0.09166666666666667 0.08888888888888889
13 0.1598214285714286 0.7163194444444445 0.1017857142857143 0.08680555555555555
13 0.13511904761904764 0.7770833333333333 0.09523809523809525 0.09861111111111112
13 0.23333333333333336 0.5913194444444445 0.08452380952380953 0.10486111111111111
13 0.21517857142857144 0.5069444444444444 0.09821428571428573 0.08194444444444444
13 0.4053571428571429 0.9291666666666667 0.06904761904761905 0.08055555555555556
