2 0.9062500000000001 0.6951388888888889 0.06011904761904763 0.0638888888888889
2 0.8053571428571429 0.18784722222222222 0.06904761904761905 0.05763888888888889
2 0.886904761904762 0.3826388888888889 0.07380952380952381 0.05416666666666667
2 0.8854166666666667 0.4291666666666667 0.06845238095238096 0.05694444444444444
2 0.9032738095238096 0.8118055555555556 0.08511904761904762 0.0638888888888889
2 0.89375 0.646875 0.061309523809523814 0.05902777777777778
2 0.5985119047619049 0.929513888888889 0.0625 0.07152777777777779
2 0.8050595238095238 0.34375 0.07202380952380953 0.05694444444444444
2 0.5788690476190477 0.39131944444444444 0.05416666666666667 0.06319444444444444
2 0.9351190476190477 0.6083333333333334 0.07023809523809524 0.05416666666666667
2 0.824404761904762 0.234375 0.05952380952380953 0.05763888888888889
2 0.8205357142857144 0.3840277777777778 0.0636904761904762 0.058333333333333334
2 0.6383928571428572 0.3944444444444445 0.07440476190476192 0.061111111111111116
2 0.6428571428571429 0.7086805555555555 0.08690476190476192 0.06458333333333334
2 0.8401785714285716 0.31493055555555555 0.0755952380952381 0.05763888888888889
2 0.5854166666666667 0.3510416666666667 0.056547619047619055 0.06041666666666667
2 0.6375000000000001 0.7600694444444445 0.08690476190476192 0.05902777777777778
2 0.6455357142857143 0.35208333333333336 0.07083333333333335 0.061111111111111116
2 0.6339285714285715 0.2871527777777778 0.07142857142857144 0.05902777777777778
2 0.6446428571428572 0.4552083333333333 0.07857142857142858 0.06180555555555556
2 0.6419642857142858 0.5909722222222222 0.08273809523809525 0.06666666666666667
2 0.880952380952381 0.4715277777777778 0.0642857142857143 0.059722222222222225
2 0.9235119047619048 0.4913194444444445 0.06726190476190477 0.04930555555555556
2 0.9413690476190477 0.7149305555555556 0.0755952380952381 0.05763888888888889
2 0.8776785714285715 0.35000000000000003 0.08154761904761905 0.04861111111111111
31 0.7479166666666668 0.1902777777777778 0.05535714285714286 0.06944444444444445
31 0.8008928571428572 0.22013888888888888 0.0636904761904762 0.09027777777777778
31 0.780654761904762 0.25 0.08392857142857144 0.075
31 0.8851190476190477 0.26319444444444445 0.07976190476190477 0.07916666666666666
31 0.8348214285714286 0.44027777777777777 0.08154761904761905 0.08194444444444444
31 0.8598214285714286 0.5392361111111111 0.08511904761904762 0.09097222222222223
31 0.7976190476190477 0.5989583333333334 0.07142857142857144 0.0951388888888889
31 0.8532738095238096 0.6041666666666667 0.07202380952380953 0.08888888888888889
31 0.8666666666666667 0.70625 0.10714285714285715 0.09722222222222222
31 0.8770833333333334 0.7538194444444445 0.09940476190476191 0.08958333333333333
31 0.6627976190476191 0.929513888888889 0.07083333333333335 0.07152777777777779
6 0.724404761904762 0.9288194444444445 0.06071428571428572 0.07291666666666667
6 0.9092261904761906 0.5333333333333333 0.0625 0.10138888888888889
6 0.967857142857143 0.7600694444444445 0.06309523809523811 0.11041666666666668
13 0.25892857142857145 0.20416666666666666 0.08571428571428572 0.1
13 0.2529761904761905 0.24131944444444445 0.07380952380952381 0.07430555555555556
13 0.1767857142857143 0.47118055555555555 0.08690476190476192 0.09375
13 0.2074404761904762 0.5111111111111112 0.0898809523809524 0.08750000000000001
13 0.1892857142857143 0.5534722222222223 0.08452380952380953 0.09722222222222222
13 0.22559523809523813 0.6534722222222222 0.08452380952380953 0.08333333333333334
13 0.1705357142857143 0.6145833333333334 0.07440476190476192 0.08472222222222223
13 0.1761904761904762 0.7034722222222223 0.10238095238095239 0.09722222222222222
13 0.34077380952380953 0.9319444444444445 0.061309523809523814 0.0763888888888889
20 0.40267857142857144 0.929513888888889 0.06845238095238096 0.07986111111111112
20 0.14255952380952383 0.7690972222222222 0.0898809523809524 0.10208333333333333
20 0.23660714285714288 0.36215277777777777 0.07083333333333335 0.07986111111111112
20 0.25089285714285714 0.3902777777777778 0.06607142857142857 0.0763888888888889
20 0.20148809523809524 0.4288194444444445 0.06607142857142857 0.07986111111111112
20 0.25446428571428575 0.3079861111111111 0.06845238095238096 0.08125
20 0.2223214285714286 0.27187500000000003 0.06964285714285715 0.08263888888888889
